Method	minspec	medsiz	meansiz	totgen	perc10	perc20	perc30	perc40	perc50	numogs	ogsw/para
MCL	4	19.0	15.725	203491	6.0	11.0	16.0	18.0	19.0	11258	3018
OrthoF	4	19.0	16.035	213587	6.0	13.0	17.0	18.0	19.0	11796	3324
OMA	4	18.0	15.104	190266	6.0	10.0	15.0	17.0	18.0	12125	1377
MCL	10	19.0	17.914	190821	15.0	17.0	18.0	19.0	19.0	9231	2678
OrthoF	10	19.0	17.925	200997	15.0	17.0	18.0	19.0	19.0	9957	2973
OMA	10	18.0	17.253	174820	14.0	16.0	17.0	18.0	18.0	9846	1069
MCL	15	19.0	18.453	180259	17.0	18.0	18.0	19.0	19.0	8452	2480
OrthoF	15	19.0	18.405	188484	17.0	18.0	18.0	19.0	19.0	9190	2731
OMA	15	18.0	17.982	158510	16.0	17.0	18.0	18.0	18.0	8594	874
