CNEE	SocFast	SolFast	Equal	MedSoc-Sol	ProxOG	ProxType	Fly	HAv3.1	Age	AAUR_APUR	HLIG_HQUA	LMAR_LFIG	LZEP_LVIE	LPAU_LOEN
ce45540	5	0	0	0.7766	13164	intron	ptc	LOC100576449	Bilateria	(129;4;2)	(137;4;11)	(136;5;0)	(139;2;0)	(136;5;0)
ce83937	5	0	0	0.5992	12026	intron	A2VEE0_DROME	LOC100577364	Bilateria	(101;2;3)	(106;10;28)	(135;3;0)	(135;3;0)	(136;2;0)
ce171861	5	0	0	0.5982	13662	promoter	Dmel\\CG9986	LOC410871	Bilateria	(130;8;0)	(141;5;0)	(143;3;0)	(141;4;1)	(141;5;15)
ce6603	5	0	0	0.5814	15977	intron	NA	NA	Bilateria	(116;2;0)	(114;4;0)	(115;3;0)	(117;1;0)	(116;2;0)
ce87607	5	0	0	0.5787	10789	intron	Nlg4	NLG-4	Bilateria	(94;11;0)	(100;5;0)	(103;2;0)	(104;1;0)	(104;1;0)
ce129159	5	0	0	0.5684	13059	intron	NA	NA	Bilateria	(117;6;6)	(119;4;1)	(119;4;4)	(122;2;0)	(121;3;0)
ce120685	5	0	0	0.5596	11861	intron	NA	LOC408280	Hymenoptera	(105;3;3)	(105;3;0)	(100;8;0)	(107;1;0)	(103;4;0)
ce156669	5	0	0	0.5233	19709	intron	NA	NA	Bilateria	(146;4;5)	(146;4;1)	(144;5;1)	(147;3;0)	(150;2;0)
ce69734	5	0	0	0.4879	16392	intron	Plod	LOC100578909	Bilateria	(107;12;1)	(113;2;0)	(111;9;0)	(119;1;0)	(118;2;0)
ce19202	5	0	0	0.437	12760	intron	sdk	IGFn3-8	Bilateria	(131;7;28)	(116;1;39)	(118;4;37)	(123;1;0)	(127;3;15)
ce63764	5	0	0	0.4357	10232	intron	fas	LOC724195	Bilateria	(109;6;0)	(112;3;0)	(112;3;0)	(114;1;0)	(114;1;0)
ce40942	5	0	0	0.4299	12362	intron	BcDNA:RE29468	LOC409956	Neoptera	(209;8;10)	(186;13;19)	(206;3;0)	(208;1;1)	(206;3;2)
ce134153	5	0	0	0.4297	11520	promoter	B4YXH6_DROME	gprs	Bilateria	(126;3;4)	(129;3;2)	(118;14;0)	(125;1;4)	(130;2;0)
ce126585	5	0	0	0.4179	20350	intron	NA	NA	NA	(130;6;0)	(136;4;1)	(136;7;0)	(142;1;0)	(141;2;0)
ce41760	5	0	0	0.4145	16913	intron	caup	LOC412840	Bilateria	(181;3;12)	(190;1;0)	(184;7;0)	(189;2;0)	(189;2;0)
ce84369	5	0	0	0.4105	17571	promoter	Miro	LOC725244	Bilateria	(161;7;0)	(164;4;1)	(164;4;0)	(166;2;0)	(163;5;3)
ce30603	5	0	0	0.4087	11059	intron	Ddr	LOC411213	Bilateria	(198;7;29)	(187;4;0)	(169;12;13)	(188;3;0)	(187;4;0)
ce5680	5	0	0	0.4022	15961	promoter	NA	LOC724420	Bilateria	(149;5;0)	(149;5;5)	(142;4;0)	(145;1;0)	(135;5;25)
ce119859	5	0	0	0.3903	18836	intron	NA	LOC727455	Bilateria	(150;7;0)	(141;5;13)	(155;2;0)	(154;3;0)	(155;2;0)
ce157038	5	0	0	0.3889	12093	intron	Efa6	LOC411463	Bilateria	(107;8;6)	(108;6;0)	(111;4;1)	(116;2;0)	(111;3;3)
ce53211	5	0	0	0.3881	10335	intron	NA	NA	Bilateria	(98;4;5)	(102;2;0)	(100;4;0)	(102;2;0)	(103;1;0)
ce44746	5	0	0	0.3847	11768	intron	Dmel\\CG10375	LOC410294	Bilateria	(245;19;11)	(258;6;0)	(257;9;4)	(257;8;2)	(278;2;0)
ce44784	5	0	0	0.3818	17201	promoter	NA	NA	Bilateria	(139;9;2)	(87;9;68)	(150;2;2)	(151;1;0)	(145;5;6)
ce61340	5	0	0	0.3813	11015	intron	otp	LOC724282	Bilateria	(176;5;0)	(178;4;0)	(178;4;0)	(180;2;0)	(179;3;0)
ce153558	5	0	0	0.3779	10401	promoter	NA	NA	Bilateria	(100;5;0)	(103;2;0)	(93;9;3)	(104;1;0)	(104;1;2)
ce40063	5	0	0	0.3773	10485	intron	Pura	LOC100577035	Bilateria	(205;2;1)	(181;0;26)	(205;4;20)	(207;3;0)	(208;2;0)
ce26120	5	0	0	0.3752	21902	intron	NA	NA	NA	(182;5;1)	(178;6;10)	(181;4;0)	(178;1;0)	(177;2;0)
ce904	5	0	0	0.3718	15767	intron	NA	NA	Bilateria	(104;3;0)	(106;1;0)	(105;2;2)	(104;3;0)	(106;1;0)
ce130152	5	0	0	0.3703	11791	intron	NA	LOC100577220	Bilateria	(106;1;0)	(105;2;0)	(103;5;0)	(107;1;0)	(107;1;0)
ce61093	5	0	0	0.3669	11396	intron	nolo	LOC410696	Bilateria	(107;2;2)	(107;4;1)	(104;3;2)	(108;1;0)	(108;1;0)
ce111062	5	0	0	0.3666	10458	intron	pum	LOC408298	Bilateria	(206;12;15)	(219;6;26)	(227;5;0)	(228;2;12)	(232;2;18)
ce23987	5	0	0	0.3649	14052	intron	NA	NA	Bilateria	(122;10;3)	(111;4;19)	(133;1;0)	(134;1;0)	(130;4;0)
ce54868	5	0	0	0.3623	15530	promoter	NA	Hk	Bilateria	(487;6;13)	(389;24;201)	(388;14;41)	(424;7;19)	(412;8;14)
ce43488	5	0	0	0.3616	18277	intron	Rpb8	LOC102655904	Bilateria	(138;4;0)	(142;5;9)	(126;4;1)	(130;1;0)	(125;3;4)
ce150563	5	0	0	0.3599	10245	intron	Fhos	LOC409786	Bilateria	(187;7;1)	(185;7;0)	(188;4;0)	(191;2;0)	(191;1;0)
ce175158	5	0	0	0.357	16234	intron	Ca-alpha1D	LOC100578899	Bilateria	(112;3;4)	(112;1;0)	(112;1;0)	(110;3;0)	(112;1;0)
ce159275	5	0	0	0.3564	10870	promoter	2D9	NA	Bilateria	(101;2;10)	(99;4;1)	(96;5;0)	(97;4;0)	(100;1;1)
ce120175	5	0	0	0.3543	13724	intron	SelR	LOC724494	Bilateria	(106;2;0)	(106;4;0)	(109;2;0)	(110;1;0)	(110;1;0)
ce95888	5	0	0	0.3514	11751	intron	AdamTS-A	LOC412091	Bilateria	(186;6;37)	(228;8;0)	(224;4;4)	(244;6;0)	(219;5;7)
ce53104	5	0	0	0.3511	11080	intron	side	LOC552513	Bilateria	(139;6;5)	(140;3;3)	(142;2;0)	(143;1;0)	(143;1;0)
ce30619	5	0	0	0.3501	11059	intron	Ddr	LOC411213	Bilateria	(133;2;0)	(133;2;0)	(134;1;0)	(134;1;0)	(133;2;0)
ce111695	5	0	0	0.3489	18462	intron	NA	NA	Bilateria	(142;1;0)	(141;5;12)	(142;7;0)	(140;4;0)	(150;4;5)
ce31189	5	0	0	0.3475	16702	intron	tfc	LOC410293	Bilateria	(112;7;29)	(121;3;0)	(121;2;7)	(120;4;0)	(122;2;0)
ce111251	5	0	0	0.345	13747	intron	FBpp0088658	LOC412916	Bilateria	(173;2;0)	(180;5;13)	(175;4;2)	(179;2;0)	(177;4;10)
ce53070	5	0	0	0.3445	11269	intron	Pax	LOC551919	Bilateria	(177;2;0)	(177;1;1)	(172;3;0)	(174;1;0)	(171;2;0)
ce95732	5	0	0	0.3431	10333	intron	Patj	LOC409020	Bilateria	(236;10;6)	(242;5;0)	(235;13;0)	(249;2;0)	(257;3;0)
ce17036	5	0	0	0.3415	18878	promoter	NA	NA	Halictidae	(113;3;0)	(110;5;0)	(111;4;0)	(113;4;1)	(114;1;0)
ce149245	5	0	0	0.341	10976	intron	Dmel\\CG4393	LOC408887	Bilateria	(128;4;0)	(132;1;0)	(131;1;0)	(131;1;0)	(129;3;0)
ce27243	5	0	0	0.3398	10699	intron	Dad	LOC413371	Bilateria	(182;4;13)	(138;6;1)	(156;4;7)	(159;1;0)	(176;3;14)
ce37231	5	0	0	0.3385	16753	promoter	Chro	LOC409093	Bilateria	(166;2;0)	(176;2;0)	(172;2;2)	(174;1;1)	(170;4;0)
ce4625	5	0	0	0.3362	10381	intron	sei	LOC410498	Bilateria	(128;1;0)	(117;4;0)	(117;3;0)	(119;1;0)	(121;1;0)
ce62053	5	0	0	0.3315	10686	intron	NA	LOC408583	Bilateria	(132;7;0)	(140;3;0)	(141;2;1)	(141;2;2)	(141;2;0)
ce97866	5	0	0	0.3308	10406	intron	PP2C	LOC724192	Bilateria	(129;5;6)	(126;3;0)	(127;2;0)	(128;1;0)	(128;1;0)
ce32103	5	0	0	0.3298	12151	intron	LPCAT	LOC550970	Bilateria	(96;7;2)	(100;2;2)	(95;7;0)	(99;3;0)	(100;2;0)
ce155798	5	0	0	0.3296	15168	promoter	NA	LOC102655764	Hymenoptera	(107;2;0)	(108;1;0)	(105;4;0)	(108;1;0)	(107;2;0)
ce45786	5	0	0	0.3285	10225	intron	NA	NA	Bilateria	(158;14;6)	(180;3;0)	(180;3;15)	(182;1;0)	(182;1;0)
ce68216	5	0	0	0.3241	18173	intron	cnc	LOC725081	Bilateria	(121;2;3)	(129;1;0)	(118;5;3)	(122;1;0)	(122;1;0)
ce50334	5	0	0	0.3211	11728	intron	FBpp0291051	LOC413021	Bilateria	(157;13;27)	(162;7;2)	(166;3;0)	(166;3;0)	(164;5;0)
ce155281	5	0	0	0.3204	15164	intron	Tusp	LOC409680	Bilateria	(123;1;2)	(122;1;0)	(121;2;0)	(122;1;0)	(122;1;0)
ce133601	5	0	0	0.3191	15620	promoter	chico	IRS	Bilateria	(174;7;6)	(217;4;1)	(209;2;10)	(203;3;0)	(206;3;0)
ce81975	5	0	0	0.3147	10656	intron	NA	LOC100578939	Bilateria	(108;5;0)	(104;2;0)	(105;1;0)	(103;3;0)	(105;1;0)
ce897	5	0	0	0.3132	15767	intron	NA	NA	Bilateria	(158;5;0)	(169;3;12)	(140;2;0)	(141;1;2)	(140;3;0)
ce154249	5	0	0	0.3067	18427	intron	NA	NA	Neoptera	(275;9;4)	(273;11;5)	(277;6;1)	(293;2;0)	(279;4;0)
ce257	5	0	0	0.3023	11226	intron	CG34022-RA	LOC410506	Bilateria	(131;1;0)	(129;3;0)	(127;5;0)	(130;2;0)	(131;1;0)
ce122250	5	0	0	0.3022	17542	promoter	Moe	LOC412799	Bilateria	(168;7;0)	(166;3;2)	(167;2;0)	(166;2;6)	(173;2;0)
ce17666	5	0	0	0.3013	17081	intron	fax	fax	Bilateria	(116;2;0)	(118;1;0)	(115;4;0)	(118;2;0)	(117;2;0)
ce84207	5	0	0	0.3011	14565	promoter	Rbpn-5	LOC726432	Bilateria	(125;2;0)	(130;2;0)	(130;2;0)	(133;1;0)	(131;1;0)
ce78986	5	0	0	0.3008	13615	promoter	Ppa	LOC410175	Bilateria	(196;4;0)	(197;3;0)	(197;3;0)	(199;1;0)	(198;2;0)
ce76930	5	0	0	0.3001	13307	intron	numb	LOC727399	Bilateria	(172;10;28)	(192;4;3)	(197;6;0)	(188;1;14)	(195;4;4)
ce21085	5	0	0	0.293	14341	intron	Dmel\\CG7367	LOC726817	Bilateria	(265;9;0)	(284;5;0)	(283;6;0)	(285;4;1)	(286;3;1)
ce29506	5	0	0	0.2921	11600	intron	NA	LOC411201	Bilateria	(220;1;0)	(216;2;0)	(206;11;0)	(211;6;0)	(210;7;2)
ce95590	5	0	0	0.2913	11077	intron	para	Para	Bilateria	(104;5;6)	(113;2;0)	(110;5;0)	(133;2;0)	(117;2;0)
ce106646	5	0	0	0.2909	21928	intron	NA	NA	NA	(144;6;0)	(137;1;0)	(125;3;10)	(137;1;0)	(137;1;0)
ce52665	5	0	0	0.2864	12510	intron	Fit2	LOC408836	Bilateria	(117;1;6)	(116;2;0)	(115;3;0)	(116;2;0)	(116;2;0)
ce2727	5	0	0	0.286	19515	intron	CT34848	411663	Bilateria	(138;4;1)	(141;1;2)	(142;2;1)	(130;1;14)	(140;1;4)
ce2247	5	0	0	0.2837	10104	intron	NA	NA	Bilateria	(177;1;0)	(180;4;5)	(177;2;0)	(176;2;0)	(172;6;1)
ce91036	5	0	0	0.2827	16092	intron	NA	LOC414021	Bilateria	(137;13;12)	(118;2;0)	(115;5;0)	(118;2;0)	(118;2;0)
ce6423	5	0	0	0.2807	11034	intron	FBpp0288495	LOC410517	Bilateria	(109;2;3)	(99;5;0)	(98;6;0)	(102;2;0)	(100;4;0)
ce156598	5	0	0	0.279	11466	promoter	Doa	LOC411812	Bilateria	(108;3;0)	(106;6;7)	(111;1;9)	(113;2;0)	(112;2;0)
ce70924	5	0	0	0.2771	10640	intron	heph	LOC552709	Bilateria	(134;10;2)	(139;5;0)	(142;2;0)	(142;2;0)	(143;1;0)
ce135369	5	0	0	0.2767	23892	promoter	NA	NA	NA	(143;7;13)	(134;3;0)	(133;4;0)	(136;1;0)	(135;2;0)
ce21917	5	0	0	0.2756	10310	intron	NA	NA	Bilateria	(140;2;3)	(137;5;22)	(137;3;1)	(140;1;0)	(138;3;0)
ce120190	5	0	0	0.274	13728	promoter	Pak	Pak	Bilateria	(240;13;10)	(245;14;3)	(247;6;0)	(252;1;0)	(255;1;3)
ce153969	5	0	0	0.2739	10931	intron	NA	NA	Bilateria	(182;1;0)	(180;3;0)	(182;4;7)	(179;4;1)	(178;5;0)
ce5819	5	0	0	0.2736	19517	promoter	Or22c	LOC102656615	Neoptera	(139;7;0)	(149;2;0)	(146;5;3)	(150;1;1)	(147;1;0)
ce54224	5	0	0	0.2733	11624	intron	Klp31E	LOC411068	Bilateria	(106;5;0)	(111;1;0)	(113;1;0)	(113;1;0)	(113;1;0)
ce83246	5	0	0	0.2726	10999	intron	NfI	LOC410259	Bilateria	(137;7;14)	(171;1;0)	(165;1;6)	(173;1;0)	(169;3;0)
ce4042	5	0	0	0.2726	10133	promoter	NA	NA	NA	(210;4;0)	(212;4;2)	(214;3;0)	(216;1;0)	(212;5;1)
ce21956	5	0	0	0.2698	10986	intron	ds	LOC408767	Bilateria	(173;2;14)	(232;2;17)	(236;10;20)	(222;1;2)	(242;4;6)
ce67263	5	0	0	0.2683	18188	intron	NA	LOC724148	Hymenoptera	(131;5;0)	(140;5;0)	(144;5;6)	(148;1;0)	(144;5;0)
ce44710	5	0	0	0.2672	17184	intron	wge	LOC411986	Bilateria	(214;5;5)	(213;10;3)	(219;4;0)	(220;1;2)	(219;4;0)
ce133235	5	0	0	0.2658	10169	intron	NA	LOC412934	NA	(176;3;0)	(174;4;0)	(171;5;1)	(172;5;0)	(169;8;1)
ce90961	5	0	0	0.2655	11042	intron	Sox15	LOC726298	Bilateria	(406;3;2)	(387;14;13)	(404;4;2)	(402;2;6)	(400;10;0)
ce164676	5	0	0	0.2635	10897	intron	EG:BACR7A4.12	LOC408690	Bilateria	(126;5;1)	(125;7;0)	(129;2;0)	(130;1;0)	(129;2;0)
ce59705	5	0	0	0.2618	15387	intron	Cirl	LOC552142	Bilateria	(127;1;0)	(124;4;0)	(126;2;0)	(126;2;0)	(126;2;0)
ce139566	5	0	0	0.2614	11514	intron	NA	LOC725354	Bilateria	(150;1;0)	(147;4;0)	(149;2;0)	(152;1;0)	(150;1;0)
ce144278	5	0	0	0.2561	13469	intron	NA	LOC724634	Neoptera	(262;2;0)	(252;12;2)	(258;5;1)	(261;3;0)	(261;3;0)
ce7256	5	0	0	0.2551	11228	intron	RunxA	LOC726124	Bilateria	(171;3;24)	(182;2;2)	(179;5;0)	(183;1;0)	(181;2;3)
ce111322	5	0	0	0.2543	13747	intron	FBpp0088658	LOC412916	Bilateria	(140;7;2)	(131;2;7)	(136;2;4)	(139;3;0)	(141;1;5)
ce14699	5	0	0	0.2532	12790	intron	FBpp0290711	osp	Bilateria	(118;2;3)	(120;3;0)	(122;1;0)	(120;2;0)	(122;1;0)
ce161216	5	0	0	0.2525	11007	intron	Hmx	NA	Bilateria	(192;3;6)	(199;3;0)	(199;2;0)	(196;6;0)	(199;2;0)
ce140995	5	0	0	0.2525	10744	intron	FBpp0072286	Dll	Bilateria	(153;3;38)	(117;0;88)	(155;4;0)	(158;1;0)	(158;1;0)
ce64847	5	0	0	0.2512	17779	promoter	A0A0B4LFS3_DROME	LOC551889	Bilateria	(436;19;0)	(443;11;0)	(446;7;2)	(450;5;0)	(451;4;0)
ce119024	5	0	0	0.2506	10568	intron	Khc-73	LOC409869	Bilateria	(226;4;5)	(227;7;6)	(226;9;1)	(234;1;0)	(232;3;0)
ce140409	5	0	0	0.2482	11024	intron	by	by	Bilateria	(210;5;27)	(218;3;0)	(214;7;0)	(219;3;0)	(215;6;0)
ce83879	5	0	0	0.2477	14530	intron	Madm	Madm	Bilateria	(128;6;0)	(133;2;0)	(132;5;1)	(137;5;1)	(136;1;0)
ce30637	5	0	0	0.2472	11059	intron	Ddr	LOC411213	Bilateria	(156;2;0)	(153;2;0)	(152;3;0)	(152;3;0)	(153;2;0)
ce10218	5	0	0	0.2455	13025	promoter	Dmel\\CG16711	LOC724737	Neoptera	(101;3;94)	(194;4;0)	(188;2;8)	(233;2;12)	(199;1;0)
ce120436	5	0	0	0.2452	10289	intron	NA	LOC408278	Bilateria	(194;2;0)	(118;3;77)	(193;3;0)	(194;2;0)	(193;3;0)
ce175180	5	0	0	0.2431	16238	intron	Rip11	Rip11	Bilateria	(126;6;0)	(131;1;1)	(129;1;0)	(128;2;0)	(129;1;0)
ce93977	5	0	0	0.243	12563	promoter	Pka-R1	LOC412714	Bilateria	(356;8;4)	(365;6;11)	(369;6;12)	(378;2;6)	(371;4;10)
ce171616	5	0	0	0.2427	13666	intron	NA	LOC100577670	Apocrita	(135;4;0)	(139;2;0)	(137;2;0)	(137;2;0)	(137;2;2)
ce93640	5	0	0	0.2418	13341	intron	CG6001	LOC724787	Bilateria	(154;7;2)	(162;1;0)	(160;3;0)	(160;3;0)	(162;1;0)
ce2249	5	0	0	0.2398	10104	intron	NA	NA	Bilateria	(146;2;2)	(115;3;35)	(141;4;4)	(149;2;1)	(146;3;0)
ce171884	5	0	0	0.2392	13661	promoter	Optix	LOC551364	Bilateria	(161;3;2)	(161;6;0)	(163;2;2)	(165;1;0)	(164;1;2)
ce748	5	0	0	0.2391	11221	intron	CG32082	LOC410480	Bilateria	(199;8;30)	(203;4;0)	(205;2;0)	(206;1;0)	(204;3;0)
ce156425	5	0	0	0.2374	15031	intron	qless	LOC102656543	Bilateria	(139;6;0)	(139;9;0)	(142;6;1)	(145;4;0)	(147;2;2)
ce45838	5	0	0	0.236	10225	intron	NA	NA	Bilateria	(179;7;7)	(177;9;0)	(185;1;0)	(186;1;0)	(183;3;0)
ce76783	5	0	0	0.2325	10718	intron	Dmel\\CG31381	NA	Bilateria	(162;11;5)	(169;2;0)	(168;3;0)	(170;1;0)	(170;1;0)
ce159935	5	0	0	0.232	15061	intron	NA	LOC409318	Bilateria	(180;1;1)	(186;8;0)	(184;4;6)	(194;3;0)	(190;4;0)
ce26464	5	0	0	0.2284	11424	intron	NA	LOC408801	NA	(112;6;25)	(127;6;1)	(123;3;0)	(125;1;0)	(124;2;0)
ce145965	5	0	0	0.2277	11255	intron	NA	NA	Hymenoptera	(207;11;12)	(221;3;1)	(219;4;1)	(223;2;0)	(203;2;19)
ce129526	5	0	0	0.2276	13043	promoter	kek6	kek6	Bilateria	(250;12;6)	(312;5;22)	(280;6;43)	(311;4;10)	(301;12;6)
ce165840	5	0	0	0.2264	16345	promoter	NA	LOC100578484	Hymenoptera	(152;6;2)	(155;4;0)	(155;4;0)	(161;2;1)	(158;1;0)
ce164071	5	0	0	0.2248	16135	intron	yem	LOC412133	Bilateria	(217;10;1)	(224;8;8)	(179;1;10)	(227;4;0)	(185;2;0)
ce123562	5	0	0	0.2208	10710	intron	NA	LOC102655143	Bilateria	(135;7;8)	(145;1;0)	(134;4;7)	(143;1;1)	(141;3;0)
ce41725	5	0	0	0.2203	16913	intron	caup	LOC412840	Bilateria	(266;5;3)	(248;4;0)	(239;8;4)	(250;2;0)	(249;2;0)
ce122532	5	0	0	0.2198	16490	intron	NA	LOC726886	Neoptera	(240;3;1)	(242;5;0)	(242;5;0)	(248;1;0)	(242;5;1)
ce34953	5	0	0	0.2188	15576	intron	CR43698	LOC413309	Bilateria	(193;3;0)	(187;9;1)	(193;4;0)	(200;4;3)	(196;1;1)
ce14669	5	0	0	0.2178	12790	intron	FBpp0290711	osp	Bilateria	(153;1;0)	(154;2;0)	(152;4;0)	(153;3;0)	(152;4;0)
ce173742	5	0	0	0.2158	16241	intron	slgA	LOC411808	Bilateria	(144;2;0)	(145;1;0)	(145;1;0)	(145;1;0)	(143;3;0)
ce108819	5	0	0	0.2141	17658	intron	NA	LOC411807	Bilateria	(168;2;2)	(172;2;1)	(172;2;0)	(164;2;0)	(173;1;1)
ce93123	5	0	0	0.2139	16954	intron	Vsx2	LOC411315	Bilateria	(134;8;6)	(141;6;3)	(142;1;0)	(143;3;0)	(141;2;0)
ce37130	5	0	0	0.2132	16750	intron	sog	LOC410035	Bilateria	(218;12;13)	(230;1;0)	(225;4;2)	(228;1;0)	(221;3;7)
ce109561	5	0	0	0.2123	10522	intron	anon-WO0172774.78	LOC724468	Protostomia	(155;5;17)	(158;1;2)	(159;2;0)	(160;1;0)	(160;1;0)
ce123545	5	0	0	0.2117	10710	promoter	NA	LOC102655143	Bilateria	(323;2;63)	(350;13;24)	(293;7;28)	(296;2;5)	(294;4;47)
ce62846	5	0	0	0.2116	12606	intron	KaiR1D	LOC408645	Bilateria	(310;4;23)	(329;3;0)	(325;4;0)	(327;2;0)	(326;3;0)
ce15392	5	0	0	0.2104	11699	intron	Dscam3	LOC412855	Bilateria	(214;5;8)	(211;5;5)	(215;5;1)	(218;2;0)	(208;12;1)
ce96513	5	0	0	0.2099	10691	intron	beat-IIa	LOC725264	Neoptera	(138;10;6)	(142;3;1)	(144;1;0)	(144;1;0)	(143;2;0)
ce5287	5	0	0	0.2072	20608	intron	NA	NA	Hymenoptera	(232;2;23)	(252;5;7)	(225;5;34)	(243;1;0)	(244;2;6)
ce91210	5	0	0	0.2053	13999	promoter	NA	LOC100577454	Neoptera	(190;3;0)	(188;13;6)	(192;2;0)	(190;2;8)	(193;1;0)
ce156438	5	0	0	0.2053	15031	intron	qless	LOC102656543	Bilateria	(243;5;16)	(257;4;0)	(253;6;3)	(254;1;0)	(257;5;0)
ce71643	5	0	0	0.2022	16583	intron	Dmel\\CG32809	LOC411277	Bilateria	(160;2;6)	(165;2;3)	(166;3;5)	(170;2;1)	(172;4;7)
ce39933	5	0	0	0.2017	10485	intron	Pura	LOC100577035	Bilateria	(156;11;1)	(165;2;3)	(163;5;0)	(168;2;0)	(164;4;0)
ce152000	5	0	0	0.2015	13467	intron	polybromo	LOC552677	Bilateria	(148;1;0)	(144;5;0)	(144;3;2)	(148;3;0)	(145;4;0)
ce140971	5	0	0	0.1999	10744	intron	FBpp0072286	Dll	Bilateria	(161;2;19)	(156;6;6)	(153;4;4)	(165;3;7)	(161;5;8)
ce90964	5	0	0	0.1979	11042	intron	Sox15	LOC726298	Bilateria	(195;4;0)	(198;1;0)	(197;2;9)	(197;2;0)	(198;1;4)
ce70348	5	0	0	0.1957	11050	intron	NA	NA	Neoptera	(120;12;11)	(140;2;0)	(137;5;0)	(141;1;0)	(140;2;0)
ce106658	5	0	0	0.1956	21928	intron	NA	NA	NA	(268;7;25)	(259;8;20)	(284;8;2)	(291;1;0)	(275;7;10)
ce152057	5	0	0	0.1948	14072	intron	CG7388	LOC411670	Bilateria	(146;10;35)	(202;2;0)	(202;2;0)	(203;1;0)	(203;1;0)
ce77644	5	0	0	0.1942	17417	promoter	mRpL50	LOC724516	Bilateria	(157;3;26)	(137;5;20)	(162;1;0)	(159;4;0)	(161;2;0)
ce80201	5	0	0	0.1932	17588	intron	sns	LOC551736	Bilateria	(314;1;14)	(304;2;1)	(306;2;0)	(307;1;0)	(104;1;203)
ce71599	5	0	0	0.193	16603	intron	trol	LOC409722	Bilateria	(226;3;1)	(237;1;0)	(233;5;0)	(237;1;0)	(237;2;0)
ce160125	5	0	0	0.193	15176	promoter	Clamp	LOC409573	Bilateria	(599;11;0)	(474;5;132)	(348;4;260)	(610;2;0)	(106;2;504)
ce123496	5	0	0	0.1926	10208	intron	B4	LOC100578828	NA	(196;10;29)	(203;4;0)	(205;2;0)	(205;1;1)	(206;1;0)
ce129794	5	0	0	0.1916	13350	intron	Dmel\\CG12075	LOC552005	Protostomia	(210;21;19)	(239;1;0)	(250;5;1)	(262;3;2)	(250;5;5)
ce45062	5	0	0	0.1903	10516	intron	side-VIII	LOC408824	Bilateria	(230;8;16)	(211;2;0)	(207;6;20)	(214;3;0)	(212;1;0)
ce110315	5	0	0	0.1903	17684	intron	NA	LOC552675	Hymenoptera	(353;7;0)	(354;9;2)	(358;4;6)	(359;4;0)	(355;8;2)
ce47366	5	0	0	0.1883	14118	intron	A0A0B4LFE2_DROME	LOC411059	Bilateria	(218;2;51)	(217;2;0)	(209;4;0)	(211;1;0)	(212;1;0)
ce29499	5	0	0	0.1865	11600	intron	NA	LOC411201	Bilateria	(217;5;0)	(216;2;5)	(220;6;2)	(225;1;0)	(225;1;0)
ce156454	5	0	0	0.1863	10379	intron	NA	NA	Bilateria	(212;1;2)	(211;5;4)	(209;6;0)	(214;1;0)	(214;1;0)
ce139690	5	0	0	0.1849	19882	promoter	NA	NA	Neoptera	(168;2;6)	(179;2;4)	(179;6;0)	(182;3;0)	(198;2;0)
ce61422	5	0	0	0.1842	10531	intron	Rx	Rx	Bilateria	(193;5;10)	(195;4;10)	(206;3;1)	(207;2;0)	(206;3;0)
ce175665	5	0	0	0.1824	19350	intron	NA	NA	Bilateria	(263;7;77)	(273;3;0)	(271;4;1)	(275;1;1)	(274;2;0)
ce101381	5	0	0	0.1822	19483	intron	NA	NA	Neoptera	(174;4;6)	(187;3;0)	(181;5;7)	(183;3;0)	(183;2;6)
ce141476	5	0	0	0.1789	10881	intron	mdy	LOC552377	Bilateria	(197;2;4)	(200;3;0)	(202;1;2)	(202;1;0)	(199;4;0)
ce87689	5	0	0	0.1777	12539	intron	NA	LOC724138	Bilateria	(221;1;0)	(221;3;13)	(215;2;8)	(219;2;0)	(221;1;0)
ce29497	5	0	0	0.1776	11600	intron	NA	LOC411201	Bilateria	(413;7;2)	(410;5;0)	(400;3;6)	(396;2;8)	(402;3;4)
ce158978	5	0	0	0.1773	15030	intron	Mitofilin	LOC408548	Bilateria	(288;10;36)	(282;3;0)	(270;10;8)	(286;2;1)	(284;3;3)
ce170069	5	0	0	0.1772	18719	intron	NA	NA	Bilateria	(266;5;3)	(282;5;6)	(259;12;8)	(276;3;0)	(275;4;2)
ce169745	5	0	0	0.1754	19775	intron	NA	NA	Bilateria	(172;2;0)	(169;5;3)	(173;1;0)	(172;2;0)	(173;1;0)
ce129086	5	0	0	0.1743	21973	intron	NA	NA	NA	(239;15;8)	(259;8;0)	(263;4;0)	(260;2;1)	(264;3;0)
ce133840	5	0	0	0.1738	11022	intron	NA	LOC551249	Bilateria	(102;4;0)	(102;4;0)	(104;2;0)	(98;2;0)	(103;3;0)
ce59641	5	0	0	0.1733	15387	intron	Cirl	LOC552142	Bilateria	(192;1;1)	(192;2;0)	(189;4;0)	(192;1;0)	(189;4;0)
ce99725	5	0	0	0.1729	14781	intron	Imp	LOC410398	Bilateria	(227;10;1)	(234;3;1)	(231;1;2)	(226;6;1)	(233;1;0)
ce170150	5	0	0	0.1706	16329	promoter	FBpp0422976	LOC410882	Bilateria	(582;9;2)	(582;11;9)	(585;9;17)	(590;3;3)	(585;8;8)
ce76740	5	0	0	0.1695	11367	intron	Myc	LOC100576392	Bilateria	(268;1;3)	(263;7;2)	(265;5;2)	(269;1;2)	(268;2;0)
ce171619	5	0	0	0.1688	13666	intron	NA	LOC100577670	Apocrita	(155;5;14)	(165;1;0)	(161;4;0)	(165;2;0)	(163;2;0)
ce130305	5	0	0	0.1685	12436	promoter	Nrx-IV	LOC551807	Bilateria	(133;9;2)	(141;3;0)	(137;4;0)	(142;1;0)	(139;2;1)
ce40891	5	0	0	0.1683	14173	intron	fw	CTL6	Bilateria	(104;4;0)	(112;6;1)	(106;2;0)	(101;1;0)	(106;2;0)
ce79018	5	0	0	0.1678	13619	promoter	Shmt	LOC411796	Bilateria	(318;12;2)	(311;4;13)	(324;6;1)	(328;1;2)	(323;5;0)
ce111456	5	0	0	0.1652	17340	promoter	akirin	akirin	Bilateria	(342;14;0)	(357;7;1)	(361;3;0)	(363;1;0)	(370;1;2)
ce91303	5	0	0	0.1649	11052	intron	slo	LOC413994	Bilateria	(455;2;0)	(183;2;272)	(184;1;272)	(166;0;291)	(185;0;272)
ce104460	5	0	0	0.1648	12007	intron	Dmel\\CG12814	LOC551765	Neoptera	(266;7;16)	(278;10;2)	(280;6;0)	(286;1;0)	(283;3;0)
ce19824	5	0	0	0.1634	14254	intron	scrib	LOC413669	Bilateria	(242;6;7)	(286;1;3)	(279;5;0)	(290;1;2)	(282;2;2)
ce155849	5	0	0	0.1625	15169	intron	m	m	Neoptera	(306;8;10)	(295;11;15)	(309;8;1)	(315;2;0)	(314;3;1)
ce120883	5	0	0	0.1623	17387	promoter	NA	LOC551587	Bilateria	(220;8;10)	(231;3;0)	(231;3;0)	(235;4;0)	(232;2;0)
ce55359	5	0	0	0.1613	11499	intron	NA	LOC551792	Bilateria	(263;4;2)	(231;6;40)	(276;7;0)	(278;1;0)	(278;5;0)
ce100336	5	0	0	0.161	19957	promoter	NA	NA	Aculeata	(364;22;75)	(319;4;13)	(308;6;45)	(329;4;4)	(312;2;44)
ce145072	5	0	0	0.1608	16036	intron	NA	LOC102655934	Aculeata	(359;13;11)	(364;7;0)	(346;4;19)	(366;1;6)	(366;1;3)
ce14041	5	0	0	0.1606	12745	intron	shi	LOC410923	Bilateria	(271;7;2)	(270;2;0)	(272;6;1)	(276;3;0)	(277;1;2)
ce150780	5	0	0	0.1592	10066	intron	NA	Gld2	NA	(197;8;0)	(201;5;0)	(201;2;2)	(201;4;0)	(202;3;1)
ce34933	5	0	0	0.158	12173	intron	NA	LOC413310	Bilateria	(366;8;6)	(380;5;4)	(386;7;6)	(398;2;1)	(384;3;9)
ce45893	5	0	0	0.1574	10225	intron	NA	NA	Bilateria	(103;3;23)	(110;7;0)	(115;2;2)	(115;2;0)	(110;7;0)
ce58877	5	0	0	0.1567	19903	intron	NA	NA	Bilateria	(210;2;2)	(222;2;0)	(214;3;0)	(218;2;0)	(215;2;0)
ce21564	5	0	0	0.1563	10345	intron	Pvf3	NA	Bilateria	(256;4;6)	(255;1;0)	(248;8;0)	(254;2;0)	(255;1;0)
ce150385	5	0	0	0.1553	10245	intron	Fhos	LOC409786	Bilateria	(388;12;62)	(324;3;1)	(324;8;1)	(335;1;0)	(330;2;6)
ce108613	5	0	0	0.1551	19395	intron	NA	LOC724297	Bilateria	(245;8;3)	(238;1;16)	(246;8;1)	(254;1;0)	(254;1;0)
ce32335	5	0	0	0.1546	18157	promoter	Sep15	LOC410663	Bilateria	(187;5;10)	(193;6;0)	(197;1;0)	(196;2;0)	(195;4;1)
ce59692	5	0	0	0.1539	15387	intron	Cirl	LOC552142	Bilateria	(449;13;8)	(444;3;0)	(438;11;0)	(439;10;0)	(438;11;0)
ce84226	5	0	0	0.1538	14569	promoter	Dmel\\CG16812	LOC100577520	Bilateria	(257;1;0)	(254;4;0)	(253;5;1)	(258;1;0)	(257;1;0)
ce6322	5	0	0	0.1538	15834	intron	NA	LOC412941	Bilateria	(320;9;0)	(325;3;0)	(325;4;0)	(333;2;0)	(334;1;0)
ce37696	5	0	0	0.1524	16738	intron	Dmel\\CG6398	LOC551144	Protostomia	(278;5;20)	(266;2;24)	(249;5;70)	(323;9;31)	(278;3;26)
ce54850	5	0	0	0.1521	15527	intron	NA	412316	Bilateria	(118;3;35)	(145;7;3)	(148;2;1)	(144;3;6)	(148;6;0)
ce66656	5	0	0	0.1506	15383	intron	Nha1	NA	Bilateria	(115;3;1)	(117;1;0)	(114;4;0)	(116;2;0)	(116;2;0)
ce16054	5	0	0	0.149	22808	promoter	NA	NA	NA	(131;8;2)	(131;1;0)	(128;3;0)	(130;2;0)	(130;1;0)
ce169406	5	0	0	0.1484	23152	promoter	NA	NA	NA	(117;2;0)	(118;1;0)	(116;3;0)	(117;2;0)	(118;1;0)
ce166590	5	0	0	0.1476	16272	intron	NA	LOC410852	Bilateria	(296;4;2)	(298;3;1)	(298;1;0)	(298;1;0)	(298;1;3)
ce119368	5	0	0	0.1433	13842	intron	Appl	Appl	Bilateria	(242;5;0)	(250;5;0)	(254;1;0)	(253;1;0)	(250;5;0)
ce16902	5	0	0	0.1394	10366	intron	NA	LOC409640	Bilateria	(115;4;2)	(119;1;0)	(116;4;0)	(119;1;2)	(118;2;0)
ce76728	5	0	0	0.139	11367	promoter	Myc	LOC100576392	Bilateria	(116;2;0)	(117;1;0)	(117;1;0)	(116;2;0)	(116;2;0)
ce27712	5	0	0	0.1384	14375	promoter	Rtc1	LOC100576850	Bilateria	(109;2;0)	(111;4;0)	(114;4;0)	(114;4;0)	(116;2;0)
ce154484	5	0	0	0.1381	14355	intron	NA	LOC551490	Bilateria	(541;17;174)	(425;12;45)	(421;6;33)	(435;5;11)	(425;10;40)
ce109972	5	0	0	0.1369	14937	intron	sty	LOC725117	Bilateria	(228;8;19)	(228;2;0)	(232;1;0)	(231;2;0)	(232;1;0)
ce66468	5	0	0	0.1338	15382	intron	trbl	LOC409288	Bilateria	(281;13;4)	(285;2;2)	(283;3;0)	(279;7;1)	(282;4;0)
ce102377	5	0	0	0.1336	10572	intron	Tomosyn	LOC408267	Bilateria	(429;10;21)	(439;7;0)	(441;2;0)	(449;1;0)	(443;2;0)
ce169718	5	0	0	0.1323	19775	intron	NA	NA	Bilateria	(272;7;0)	(275;2;0)	(269;5;1)	(268;7;0)	(273;2;0)
ce170925	5	0	0	0.1318	16256	promoter	Q7K2B1_DROME	LOC550664	Bilateria	(129;5;1)	(132;2;0)	(132;2;2)	(132;2;0)	(132;2;0)
ce162066	5	0	0	0.1297	15127	intron	Sdc	LOC413557	Bilateria	(210;3;6)	(226;1;0)	(226;1;0)	(225;2;0)	(223;3;1)
ce20445	5	0	0	0.1294	14422	intron	dnr1	LOC412897	Bilateria	(139;3;4)	(135;2;2)	(125;8;0)	(132;1;0)	(131;2;0)
ce123785	5	0	0	0.1285	10396	intron	NA	NA	Bilateria	(133;1;9)	(157;1;0)	(149;1;1)	(148;2;0)	(148;2;0)
ce51651	5	0	0	0.127	12658	promoter	BRD7	Brd7	Bilateria	(294;3;5)	(294;4;1)	(296;3;1)	(298;1;1)	(295;4;1)
ce35633	5	0	0	0.127	16704	promoter	NA	LOC410772	Bilateria	(127;4;0)	(130;1;0)	(130;1;4)	(130;1;10)	(129;2;10)
ce161706	5	0	0	0.1249	15200	intron	Wnk	LOC725503	Bilateria	(155;9;4)	(158;8;1)	(166;4;146)	(165;5;150)	(314;1;0)
ce24090	5	0	0	0.124	14053	intron	ec	LOC411038	Bilateria	(144;1;0)	(143;1;1)	(144;1;0)	(143;2;0)	(144;1;4)
ce115064	5	0	0	0.1229	10968	promoter	sfl	LOC413242	Bilateria	(196;6;0)	(197;4;0)	(199;3;0)	(198;2;1)	(193;1;10)
ce75895	5	0	0	0.1202	11733	intron	cad	cad	Bilateria	(261;4;5)	(282;3;0)	(280;2;20)	(199;1;98)	(283;4;10)
ce30552	5	0	0	0.1201	11059	intron	Ddr	LOC411213	Bilateria	(216;8;15)	(228;9;1)	(225;5;0)	(229;1;71)	(226;4;1)
ce140981	5	0	0	0.1195	10744	intron	FBpp0072286	Dll	Bilateria	(240;3;6)	(238;6;8)	(244;7;4)	(247;2;0)	(248;3;0)
ce123909	5	0	0	0.1152	13361	intron	Ptpmeg2	LOC411227	Bilateria	(143;2;0)	(145;1;0)	(143;2;0)	(144;1;0)	(144;1;0)
ce131941	5	0	0	0.1147	20203	intron	NA	NA	Bilateria	(285;15;193)	(254;4;0)	(250;8;0)	(254;4;0)	(247;9;0)
ce11614	5	0	0	0.1147	13013	intron	fs(1)h	LOC551826	Bilateria	(315;8;3)	(321;2;0)	(292;5;23)	(319;4;2)	(315;4;1)
ce59698	5	0	0	0.1123	15387	intron	Cirl	LOC552142	Bilateria	(533;6;14)	(542;3;2)	(532;9;1)	(539;3;1)	(522;16;16)
ce134643	5	0	0	0.1113	15618	intron	FBpp0290568	LOC724548	Bilateria	(200;6;5)	(215;4;0)	(208;2;9)	(206;4;0)	(215;4;0)
ce144452	5	0	0	0.1098	14139	intron	NA	NA	Protostomia	(146;3;0)	(160;1;0)	(158;3;18)	(158;3;0)	(159;2;1)
ce163996	5	0	0	0.108	16292	intron	gish	LOC410831	Bilateria	(172;5;1)	(175;4;0)	(176;3;1)	(178;2;0)	(176;3;0)
ce114626	5	0	0	0.108	11971	intron	unc-5	LOC410246	Bilateria	(164;10;12)	(177;2;0)	(172;4;3)	(177;2;0)	(177;2;0)
ce13185	5	0	0	0.1066	11093	intron	E23	LOC410967	Bilateria	(272;3;0)	(273;6;8)	(277;1;0)	(277;1;4)	(275;3;0)
ce171612	5	0	0	0.105	13666	intron	NA	LOC100577670	Apocrita	(325;12;13)	(316;8;20)	(327;6;1)	(332;4;0)	(331;1;0)
ce49795	5	0	0	0.1028	12491	intron	Ser	LOC411086	Bilateria	(253;7;4)	(256;6;3)	(252;6;2)	(260;2;1)	(259;1;0)
ce62671	5	0	0	0.1019	12594	intron	Dmel\\CG5068	LOC550901	Bilateria	(168;4;25)	(171;1;1)	(166;4;3)	(170;2;0)	(171;1;1)
ce30915	5	0	0	0.1015	12358	intron	twz	LOC411214	Bilateria	(337;10;60)	(348;1;0)	(343;4;0)	(345;2;0)	(345;2;0)
ce78239	5	0	0	0.0992	14662	intron	Khc	LOC411769	Bilateria	(477;13;50)	(530;3;4)	(316;6;201)	(323;7;3)	(512;6;4)
ce29548	5	0	0	0.0992	11600	intron	NA	LOC411201	Bilateria	(338;6;2)	(341;2;0)	(336;5;2)	(339;2;0)	(330;2;9)
ce46231	5	0	0	0.0991	13193	intron	tara	LOC724450	Neoptera	(246;6;2)	(252;1;0)	(252;1;0)	(251;2;0)	(251;2;2)
ce64800	5	0	0	0.0989	21219	promoter	NA	NA	Neoptera	(166;4;0)	(169;1;0)	(169;1;0)	(169;1;0)	(168;2;0)
ce76884	5	0	0	0.0986	13325	promoter	rudhira	LOC409039	Bilateria	(140;3;2)	(147;3;8)	(148;4;0)	(150;2;0)	(151;1;0)
ce18003	5	0	0	0.0983	10928	intron	cac	Cac	Bilateria	(348;2;8)	(375;4;19)	(385;3;2)	(386;1;8)	(381;4;60)
ce150681	5	0	0	0.0982	11924	intron	CG16995-RA	LOC552244	Bilateria	(217;4;13)	(178;1;0)	(180;2;0)	(181;2;0)	(170;3;10)
ce59736	5	0	0	0.0973	15387	intron	Cirl	LOC552142	Bilateria	(169;4;0)	(170;1;17)	(169;2;0)	(168;3;1)	(169;2;0)
ce8240	5	0	0	0.0967	17906	promoter	NA	LOC727287	Bilateria	(362;6;70)	(355;5;9)	(360;9;3)	(367;2;1)	(372;4;7)
ce63637	5	0	0	0.0966	10232	intron	fas	LOC724195	Bilateria	(181;8;21)	(179;1;9)	(173;8;14)	(195;1;0)	(191;2;0)
ce68155	5	0	0	0.0962	15413	intron	NA	NA	Bilateria	(450;11;11)	(393;10;1)	(397;4;0)	(397;4;0)	(399;2;1)
ce110396	5	0	0	0.0959	18824	promoter	Asator	LOC411575	Bilateria	(188;5;0)	(182;1;11)	(188;2;3)	(187;3;0)	(189;1;0)
ce55252	5	0	0	0.0958	17812	promoter	dgt6	LOC100578205	Bilateria	(126;4;7)	(126;4;0)	(100;4;24)	(126;2;1)	(126;2;5)
ce3201	5	0	0	0.0949	15900	intron	dati	LOC100576251	Bilateria	(202;3;25)	(264;4;38)	(232;1;0)	(231;2;2)	(233;2;2)
ce47405	5	0	0	0.0945	18962	promoter	NA	NA	Bilateria	(376;4;1)	(379;1;0)	(375;6;4)	(394;4;2)	(372;3;7)
ce165624	5	0	0	0.0936	16325	intron	FBpp0310594	LOC408699	Bilateria	(206;7;52)	(219;1;0)	(205;13;3)	(214;4;0)	(216;2;0)
ce112262	5	0	0	0.092	10314	intron	NA	NA	Bilateria	(97;1;87)	(183;4;3)	(187;2;1)	(183;2;5)	(186;4;0)
ce162482	5	0	0	0.0916	16155	intron	NA	LOC725091	Bilateria	(152;4;6)	(165;1;15)	(178;3;0)	(178;3;1)	(179;2;1)
ce81433	5	0	0	0.0913	10998	promoter	FBpp0085394	LOC409095	Bilateria	(250;1;22)	(266;8;9)	(267;6;0)	(272;1;0)	(271;2;0)
ce85634	5	0	0	0.0911	13310	intron	FBpp0088320	LOC725551	Bilateria	(161;4;0)	(167;5;1)	(167;4;0)	(167;2;2)	(169;2;0)
ce141550	5	0	0	0.091	10881	intron	mdy	LOC552377	Bilateria	(275;4;12)	(279;3;1)	(280;2;0)	(280;2;0)	(280;2;1)
ce14550	5	0	0	0.0905	12790	intron	FBpp0290711	osp	Bilateria	(403;8;18)	(396;8;6)	(393;4;0)	(396;3;0)	(395;2;0)
ce105866	5	0	0	0.0901	14806	intron	FBpp0111725	LOC724292	Bilateria	(135;2;1)	(131;4;3)	(134;2;0)	(134;2;0)	(135;1;0)
ce166547	5	0	0	0.089	16272	intron	NA	LOC410852	Bilateria	(196;4;3)	(183;5;0)	(184;4;6)	(178;2;8)	(186;2;0)
ce62088	5	0	0	0.0884	12153	intron	NA	NA	Bilateria	(193;9;115)	(135;4;0)	(138;2;0)	(129;1;10)	(137;3;0)
ce46250	5	0	0	0.0883	13193	intron	tara	LOC724450	Neoptera	(333;14;51)	(374;2;11)	(366;8;11)	(385;3;0)	(391;2;1)
ce93162	5	0	0	0.0869	16954	intron	Vsx2	LOC411315	Bilateria	(176;5;43)	(173;8;6)	(168;4;0)	(174;2;0)	(170;2;0)
ce80663	5	0	0	0.0864	14693	intron	FBpp0086227	LOC413837	Bilateria	(199;3;5)	(207;2;2)	(206;1;6)	(211;2;0)	(208;3;2)
ce161845	5	0	0	0.085	15120	promoter	RhoBTB	RhoBTB	Bilateria	(199;4;1)	(203;5;0)	(201;7;4)	(199;3;6)	(204;4;14)
ce161843	5	0	0	0.0839	15120	intron	RhoBTB	RhoBTB	Bilateria	(146;1;1)	(144;4;0)	(147;2;0)	(146;2;2)	(147;2;104)
ce20044	5	0	0	0.0836	10318	intron	Pp2B-14D	LOC411046	Bilateria	(220;8;16)	(249;1;10)	(225;9;20)	(252;2;0)	(248;6;0)
ce105766	5	0	0	0.0804	14806	intron	FBpp0111725	LOC724292	Bilateria	(268;8;7)	(271;3;3)	(262;8;4)	(272;2;0)	(270;4;0)
ce108867	5	0	0	0.0802	14885	promoter	BcDNA:RH08992	NA	Bilateria	(195;8;3)	(241;4;2)	(235;6;5)	(244;2;0)	(244;1;1)
ce99742	5	0	0	0.0796	14781	intron	Imp	LOC410398	Bilateria	(207;2;0)	(208;1;7)	(207;2;1)	(207;2;0)	(207;2;0)
ce119896	5	0	0	0.0775	10831	intron	Arpc2	Arc-p34	Bilateria	(429;11;0)	(438;2;0)	(393;6;45)	(398;3;41)	(437;1;4)
ce92589	5	0	0	0.0768	18806	promoter	A1ZAY5_DROME	LOC551133	Bilateria	(178;6;4)	(186;4;0)	(190;4;0)	(193;3;0)	(192;2;0)
ce29937	5	0	0	0.0749	11252	intron	NA	LOC411212	Bilateria	(211;7;10)	(227;8;0)	(233;2;0)	(233;2;0)	(233;2;0)
ce4723	5	0	0	0.074	15752	intron	nudE	LOC409894	Bilateria	(248;11;36)	(245;1;70)	(248;5;5)	(256;2;3)	(255;2;2)
ce84961	5	0	0	0.0733	14513	promoter	BcDNA:GH25289	PROH4_APIME	Neoptera	(121;2;0)	(152;1;5)	(135;2;7)	(140;1;0)	(141;2;0)
ce95826	5	0	0	0.0732	11751	intron	AdamTS-A	LOC412091	Bilateria	(189;5;1)	(180;5;0)	(183;2;0)	(184;1;0)	(181;4;0)
ce7145	5	0	0	0.0732	10599	intron	NA	LOC410534	Bilateria	(295;3;30)	(293;7;2)	(298;5;1)	(304;2;0)	(302;2;7)
ce67091	5	0	0	0.0732	12146	intron	gbb	LOC410776	Bilateria	(357;3;0)	(362;4;0)	(355;7;0)	(360;2;0)	(359;3;0)
ce163901	5	0	0	0.0728	12238	intron	NA	LOC408670	Bilateria	(250;4;4)	(257;1;0)	(251;6;0)	(255;2;0)	(255;2;0)
ce13377	5	0	0	0.0712	12824	intron	Cdk12	LOC409965	Bilateria	(731;16;9)	(750;14;1)	(748;18;11)	(763;5;1)	(748;16;5)
ce77688	5	0	0	0.0709	18229	intron	NA	NA	Bilateria	(191;8;12)	(197;4;0)	(197;2;0)	(196;3;0)	(195;4;0)
ce34876	5	0	0	0.0698	17791	intron	MESR6	NA	Bilateria	(245;4;0)	(245;4;0)	(246;3;0)	(247;2;0)	(247;2;0)
ce21498	5	0	0	0.068	10345	intron	Pvf3	NA	Bilateria	(247;8;1)	(250;5;0)	(253;2;0)	(253;2;0)	(251;3;1)
ce159576	5	0	0	0.0675	15105	intron	anon-FF	LOC408528	Bilateria	(241;12;16)	(257;1;0)	(255;3;5)	(256;2;0)	(253;5;0)
ce173688	5	0	0	0.0668	19333	intron	NA	LOC409091	Bilateria	(371;10;2)	(372;9;15)	(375;4;10)	(386;3;0)	(380;1;14)
ce162310	5	0	0	0.0668	19524	promoter	org-1	LOC552311	Bilateria	(238;5;113)	(248;1;6)	(253;2;0)	(253;2;0)	(253;2;0)
ce63771	5	0	0	0.0655	10232	intron	fas	LOC724195	Bilateria	(210;6;0)	(216;3;0)	(216;2;0)	(218;1;0)	(214;4;0)
ce83289	5	0	0	0.0614	10999	intron	NfI	LOC410259	Bilateria	(297;2;0)	(285;4;27)	(289;4;4)	(305;2;24)	(294;3;0)
ce49817	5	0	0	0.0601	12491	intron	Ser	LOC411086	Bilateria	(229;3;10)	(220;7;0)	(210;5;14)	(227;2;0)	(225;4;0)
ce167897	5	0	0	0.0585	12126	intron	NA	NA	Bilateria	(304;5;6)	(313;1;0)	(306;4;0)	(308;2;0)	(309;1;0)
ce27654	5	0	0	0.0574	10226	intron	NA	LOC411050	NA	(283;8;0)	(300;3;0)	(296;6;0)	(297;5;0)	(298;4;0)
ce126527	5	0	0	0.0557	13417	intron	CYHR1_DROME	LOC413103	Bilateria	(604;6;0)	(601;8;16)	(630;10;10)	(655;5;4)	(641;6;3)
ce144314	5	0	0	0.0555	21016	promoter	Phos5567	NA	Bilateria	(204;5;0)	(204;4;3)	(202;8;1)	(209;1;0)	(208;2;0)
ce59667	5	0	0	0.0545	15387	intron	Cirl	LOC552142	Bilateria	(479;10;2)	(502;7;3)	(494;10;2)	(496;9;0)	(477;13;19)
ce149259	5	0	0	0.051	10976	intron	Dmel\\CG4393	LOC408887	Bilateria	(338;2;0)	(249;2;136)	(335;4;1)	(330;2;8)	(338;2;5)
ce50987	5	0	0	0.0507	18286	intron	NA	NA	Bilateria	(352;8;0)	(352;1;0)	(348;3;0)	(349;2;0)	(349;2;0)
ce5449	5	0	0	0.0499	15985	intron	CG12014-RA	LOC100578406	Bilateria	(335;16;2)	(345;4;0)	(353;2;0)	(359;2;0)	(353;2;0)
ce93194	5	0	0	0.0489	16954	intron	Vsx2	LOC411315	Bilateria	(254;9;29)	(258;6;6)	(255;4;0)	(257;2;0)	(257;2;2)
ce54859	5	0	0	0.0489	15531	intron	zyd	LOC411976	Bilateria	(168;2;3)	(164;5;0)	(167;2;0)	(169;1;0)	(167;2;0)
ce121466	5	0	0	0.0473	16518	intron	mib1	LOC550708	Bilateria	(295;2;13)	(289;4;0)	(276;6;16)	(296;2;0)	(294;4;0)
ce66582	5	0	0	0.0467	10590	intron	Nlg2	LOC410779	Bilateria	(363;14;0)	(380;1;2)	(376;3;2)	(377;2;0)	(376;3;0)
ce99548	5	0	0	0.046	14860	intron	CG4049-RA	LOC413753	Bilateria	(319;2;3)	(317;4;4)	(318;4;1)	(322;1;4)	(319;3;1)
ce150142	5	0	0	0.0387	13518	intron	MESK2	LOC413005	Bilateria	(268;2;10)	(269;4;3)	(272;6;0)	(274;4;0)	(267;10;3)
ce167230	5	0	0	0.0372	16248	intron	NA	LOC726051	Bilateria	(210;6;25)	(197;1;0)	(196;2;0)	(197;1;0)	(196;2;2)
ce27232	5	0	0	0.0363	10699	intron	Dad	LOC413371	Bilateria	(226;2;11)	(228;3;0)	(229;2;9)	(229;2;0)	(230;2;0)
ce43015	5	0	0	0.0353	16914	intron	snRNP-U1-70K	snRNP70K	Bilateria	(519;1;1)	(525;6;6)	(533;2;3)	(535;2;2)	(533;3;1)
ce48252	5	0	0	0.0258	19610	intron	pros	NA	Bilateria	(588;12;99)	(572;12;35)	(581;4;0)	(581;4;0)	(583;2;6)
