CNEE	SocFast	SolFast	Equal	MedSoc-Sol	ProxOG	ProxType	Fly	HAv3.1	Age	AAUR_APUR	HLIG_HQUA	LMAR_LFIG	LZEP_LVIE	LPAU_LOEN
ce90760	0	5	0	-0.6149	19946	promoter	NA	LOC102655107	Aculeata	(106;3;3)	(111;6;0)	(115;1;2)	(117;3;0)	(114;2;6)
ce109547	0	5	0	-0.5576	10522	intron	anon-WO0172774.78	LOC724468	Protostomia	(110;8;31)	(140;5;0)	(141;4;0)	(142;2;1)	(148;4;0)
ce21264	0	5	0	-0.5574	10521	intron	NA	NA	Neoptera	(125;2;2)	(122;5;1)	(125;3;0)	(126;2;0)	(125;3;0)
ce139425	0	5	0	-0.5369	15717	promoter	NA	LOC410442	Bilateria	(238;1;0)	(232;7;0)	(230;8;9)	(168;3;2)	(235;6;1)
ce110966	0	5	0	-0.5326	13858	intron	Dmel\\CG43867	LOC724417	Bilateria	(170;4;10)	(170;8;4)	(174;4;0)	(177;4;0)	(174;4;0)
ce102921	0	5	0	-0.532	10685	intron	Dmel\\CG5708	LOC413125	Bilateria	(93;5;261)	(160;8;18)	(168;3;88)	(144;2;36)	(168;6;56)
ce14912	0	5	0	-0.532	10617	intron	Rbfox1	LOC410951	Bilateria	(162;10;8)	(160;9;19)	(178;1;0)	(171;3;0)	(173;6;0)
ce45781	0	5	0	-0.5293	10225	intron	NA	NA	Bilateria	(141;16;40)	(171;2;2)	(164;7;2)	(170;3;0)	(170;3;0)
ce39198	0	5	0	-0.4787	12340	promoter	Rchy1	LOC408590	Bilateria	(120;3;0)	(122;3;0)	(118;5;0)	(122;1;0)	(119;4;0)
ce162664	0	5	0	-0.4733	13656	intron	kirre	LOC410853	Bilateria	(96;4;0)	(92;11;4)	(98;3;0)	(100;1;2)	(98;3;2)
ce7443	0	5	0	-0.4727	15966	intron	NA	LOC726276	Hymenoptera	(135;3;3)	(137;2;0)	(130;8;1)	(135;3;0)	(136;2;0)
ce136476	0	5	0	-0.472	11025	promoter	NA	NA	Bilateria	(151;1;27)	(169;9;5)	(176;2;0)	(172;2;0)	(170;8;0)
ce35612	0	5	0	-0.4678	16906	promoter	Dmel\\CG32164	LOC412817	Bilateria	(149;4;1)	(148;6;2)	(148;3;4)	(153;3;0)	(140;10;5)
ce63075	0	5	0	-0.4548	12607	intron	NA	LOC410788	Bilateria	(181;38;41)	(183;5;7)	(178;5;0)	(181;2;0)	(181;2;0)
ce142665	0	5	0	-0.4522	10419	promoter	NA	LOC100578649	Protostomia	(140;5;4)	(141;4;0)	(144;2;2)	(144;2;0)	(144;2;1)
ce37628	0	5	0	-0.4498	10733	intron	CG2812	LOC410771	Bilateria	(174;9;7)	(186;5;0)	(180;4;5)	(187;2;0)	(185;4;0)
ce95718	0	5	0	-0.4488	10333	intron	Patj	LOC409020	Bilateria	(143;6;1)	(147;2;1)	(142;9;3)	(151;1;0)	(150;3;0)
ce65626	0	5	0	-0.4376	18257	intron	Dmel\\CG34354	LOC551623	Bilateria	(104;6;6)	(107;3;0)	(106;2;2)	(108;2;0)	(106;4;0)
ce77693	0	5	0	-0.4371	18229	intron	NA	NA	Bilateria	(212;17;16)	(226;4;0)	(227;3;0)	(229;1;0)	(226;4;0)
ce65934	0	5	0	-0.4233	10180	intron	NA	LOC724835	Bilateria	(183;12;16)	(193;3;5)	(188;7;0)	(201;2;8)	(186;8;7)
ce151943	0	5	0	-0.4184	11120	intron	CG32372-RA	LOC408888	Bilateria	(160;1;0)	(156;1;10)	(164;3;0)	(173;2;0)	(165;3;0)
ce142450	0	5	0	-0.4141	11519	intron	NA	NA	Hymenoptera	(135;7;10)	(143;3;0)	(142;5;0)	(146;1;0)	(145;2;0)
ce58243	0	5	0	-0.4138	11496	intron	Lrch	LOC409027	Bilateria	(111;7;6)	(100;1;0)	(96;5;0)	(100;1;0)	(100;1;1)
ce174529	0	5	0	-0.4127	16129	promoter	Non1	LOC410799	Bilateria	(127;2;1)	(127;2;1)	(119;2;9)	(111;4;19)	(118;3;4)
ce85929	0	5	0	-0.405	11643	intron	Atg16	LOC100577524	Bilateria	(170;7;34)	(117;6;75)	(159;11;0)	(168;2;0)	(168;2;2)
ce142964	0	5	0	-0.4045	13584	intron	Dyrk2	LOC412917	Bilateria	(102;1;0)	(102;2;3)	(99;3;0)	(101;1;0)	(100;2;0)
ce154788	0	5	0	-0.4013	10317	intron	NA	NA	Bilateria	(103;4;0)	(101;2;0)	(105;2;0)	(106;1;0)	(111;1;4)
ce150559	0	5	0	-0.4003	10245	intron	Fhos	LOC409786	Bilateria	(147;6;0)	(148;6;0)	(148;5;0)	(152;1;0)	(152;4;0)
ce155013	0	5	0	-0.3996	18810	intron	NA	SPH57	Bilateria	(105;5;5)	(110;4;0)	(109;8;5)	(126;1;0)	(103;6;19)
ce39594	0	5	0	-0.3988	19670	promoter	Vps26	Vps26	Bilateria	(156;3;1)	(107;3;0)	(99;5;10)	(124;1;0)	(104;6;8)
ce9531	0	5	0	-0.3943	10214	intron	nrv2	LOC408722	NA	(120;5;13)	(149;5;2)	(145;1;0)	(147;1;0)	(144;2;0)
ce20166	0	5	0	-0.3935	10848	intron	Cow	LOC409774	Bilateria	(154;6;2)	(146;4;26)	(165;3;4)	(166;3;0)	(169;2;0)
ce173767	0	5	0	-0.3896	16254	intron	Ptp99A	LOC725294	Bilateria	(162;4;0)	(154;4;0)	(154;4;0)	(157;1;0)	(149;9;0)
ce52720	0	5	0	-0.3895	10178	intron	NA	NA	Bilateria	(110;5;19)	(115;7;24)	(115;2;6)	(121;2;0)	(121;2;0)
ce159014	0	5	0	-0.3872	12116	intron	Dmel\\CG1607	LOC411772	Bilateria	(103;4;0)	(104;3;0)	(111;2;0)	(114;2;0)	(104;1;11)
ce68334	0	5	0	-0.3863	18635	promoter	sosie	LOC102654257	Neoptera	(143;3;0)	(141;5;0)	(140;6;0)	(144;2;0)	(143;3;0)
ce63653	0	5	0	-0.3852	10232	intron	fas	LOC724195	Bilateria	(109;2;0)	(108;3;0)	(107;4;0)	(110;1;0)	(108;3;0)
ce122987	0	5	0	-0.3821	10557	intron	NA	LOC100578337	Bilateria	(119;3;99)	(131;3;25)	(122;2;6)	(129;1;0)	(128;2;0)
ce98947	0	5	0	-0.382	14851	intron	A0A0B4LGG8_DROME	LOC410166	Bilateria	(102;5;5)	(105;2;0)	(104;3;0)	(106;1;0)	(105;2;0)
ce7473	0	5	0	-0.3786	18682	intron	NA	LOC408473	Hymenoptera	(150;5;16)	(159;3;0)	(158;4;4)	(161;1;0)	(160;2;0)
ce71456	0	5	0	-0.3777	10257	intron	NA	NA	Bilateria	(106;9;1)	(107;5;2)	(113;3;0)	(114;2;0)	(113;3;0)
ce9410	0	5	0	-0.3722	14055	intron	FBpp0311171	NA	Bilateria	(168;16;2)	(183;3;0)	(163;7;16)	(179;2;0)	(179;2;1)
ce112303	0	5	0	-0.3713	10314	intron	NA	NA	Bilateria	(111;2;0)	(111;1;0)	(110;2;0)	(111;1;0)	(109;3;0)
ce17708	0	5	0	-0.3631	11661	promoter	RhoGAP1A	LOC409255	Bilateria	(146;7;6)	(172;6;14)	(190;5;0)	(177;6;6)	(190;1;14)
ce124155	0	5	0	-0.3624	10636	intron	bi	NA	Bilateria	(125;7;19)	(112;5;0)	(115;2;0)	(116;1;0)	(114;3;0)
ce82139	0	5	0	-0.3618	14729	intron	Taf6	Taf6	Bilateria	(118;5;0)	(119;4;0)	(114;2;15)	(116;1;2)	(118;1;0)
ce159552	0	5	0	-0.3608	15105	intron	anon-FF	LOC408528	Bilateria	(214;8;28)	(180;6;23)	(190;3;8)	(189;3;17)	(197;2;5)
ce19640	0	5	0	-0.3607	14365	intron	pgant2	LOC411054	Bilateria	(199;12;25)	(228;4;0)	(215;10;1)	(227;3;0)	(220;5;4)
ce97719	0	5	0	-0.3599	16088	intron	iav	Iav	Bilateria	(102;3;0)	(106;1;0)	(106;1;0)	(107;1;0)	(105;2;0)
ce28643	0	5	0	-0.358	18409	promoter	NA	NA	Apoidea	(108;4;0)	(111;5;3)	(111;4;1)	(111;4;0)	(114;1;0)
ce21503	0	5	0	-0.3496	10345	intron	Pvf3	NA	Bilateria	(186;2;2)	(188;1;0)	(184;5;0)	(185;4;0)	(186;3;0)
ce31199	0	5	0	-0.3489	16702	intron	tfc	LOC410293	Bilateria	(157;16;11)	(168;3;0)	(166;5;2)	(169;2;0)	(171;2;0)
ce140380	0	5	0	-0.3478	11024	intron	by	by	Bilateria	(123;1;18)	(127;3;0)	(120;3;0)	(122;1;0)	(120;3;0)
ce33070	0	5	0	-0.3478	14228	intron	Pxn-RD	Pxn	Bilateria	(108;6;0)	(111;3;6)	(104;5;5)	(112;2;0)	(114;1;0)
ce159267	0	5	0	-0.3472	10870	intron	2D9	NA	Bilateria	(226;16;158)	(202;4;16)	(201;5;12)	(203;3;2)	(215;3;0)
ce26345	0	5	0	-0.3471	14244	intron	timeout	LOC550811	Bilateria	(110;6;17)	(120;5;0)	(116;3;0)	(118;1;0)	(117;2;0)
ce161640	0	5	0	-0.3467	19019	intron	slmb	LOC100576156	Bilateria	(109;2;0)	(112;1;0)	(110;3;0)	(112;1;0)	(110;3;0)
ce166589	0	5	0	-0.3461	16272	intron	NA	LOC410852	Bilateria	(132;4;0)	(141;5;7)	(133;2;0)	(134;1;0)	(133;2;0)
ce95497	0	5	0	-0.3446	17132	intron	NA	LOC552515	Bilateria	(133;2;4)	(134;3;1)	(133;2;0)	(134;2;6)	(130;3;10)
ce12497	0	5	0	-0.3442	12840	promoter	NA	LOC100578888	Bilateria	(119;2;3)	(118;2;1)	(119;2;0)	(119;1;0)	(117;3;2)
ce12449	0	5	0	-0.3421	16930	intron	NA	NA	Bilateria	(255;14;67)	(268;4;1)	(261;9;0)	(268;2;0)	(265;5;6)
ce9084	0	5	0	-0.341	15804	intron	NA	LOC725033	Bilateria	(192;7;23)	(197;2;1)	(198;1;0)	(197;2;0)	(196;3;0)
ce129098	0	5	0	-0.3401	21973	intron	NA	NA	NA	(115;1;0)	(115;1;0)	(114;2;0)	(115;1;0)	(115;1;0)
ce91437	0	5	0	-0.3388	14006	promoter	Mes-4	LOC100577330	Bilateria	(119;6;0)	(122;2;0)	(121;3;0)	(124;1;0)	(120;2;2)
ce152924	0	5	0	-0.3377	10075	intron	NA	gro	NA	(193;1;17)	(192;2;0)	(188;6;0)	(194;2;0)	(192;2;1)
ce119131	0	5	0	-0.3372	10720	intron	Shab	NA	Bilateria	(135;3;1)	(135;3;0)	(139;2;0)	(137;4;0)	(137;2;5)
ce140608	0	5	0	-0.3348	19505	intron	NA	NA	Halictini/Augochlorini/Nomiinae/Rophitinae	(168;6;2)	(176;3;0)	(176;4;0)	(177;3;0)	(175;4;2)
ce148305	0	5	0	-0.3344	10954	intron	kug	LOC411157	Bilateria	(183;9;8)	(196;2;0)	(196;1;0)	(194;3;0)	(195;2;0)
ce110771	0	5	0	-0.3335	19692	promoter	NA	NA	Apocrita	(111;2;12)	(115;1;4)	(125;4;0)	(138;2;0)	(120;9;0)
ce3834	0	5	0	-0.3318	10887	intron	CG11206	LOC409711	Bilateria	(186;6;55)	(187;7;0)	(183;5;5)	(189;3;1)	(189;4;0)
ce94073	0	5	0	-0.3298	12552	promoter	usp	USP	Bilateria	(136;6;10)	(140;2;2)	(141;3;0)	(142;1;0)	(135;5;4)
ce80513	0	5	0	-0.3245	10184	intron	Dmel\\CG32698	LOC413383	NA	(96;6;3)	(100;2;0)	(97;5;0)	(101;1;0)	(101;1;0)
ce11244	0	5	0	-0.3233	11310	intron	Dmel\\CG42684	LOC724344	Bilateria	(128;1;3)	(121;1;1)	(120;3;0)	(116;1;1)	(120;2;1)
ce37311	0	5	0	-0.3224	24340	intron	NA	NA	NA	(128;2;11)	(129;4;0)	(128;3;1)	(131;1;0)	(128;4;0)
ce93230	0	5	0	-0.3213	11944	promoter	DAAM	LOC409001	Bilateria	(123;4;13)	(153;4;7)	(136;7;8)	(138;1;0)	(144;3;5)
ce95194	0	5	0	-0.3205	12383	intron	NA	LOC100576935	Neoptera	(211;9;11)	(224;5;10)	(222;4;0)	(223;3;0)	(223;3;1)
ce19747	0	5	0	-0.3204	14293	promoter	NA	kappaB-Ras	Bilateria	(134;11;0)	(133;2;3)	(143;2;0)	(145;1;1)	(144;2;1)
ce6349	0	5	0	-0.3151	18668	intron	NA	LOC408465	Bilateria	(129;4;0)	(129;2;1)	(127;3;1)	(130;1;0)	(126;5;0)
ce91708	0	5	0	-0.315	10717	intron	klar	LOC726709	NA	(203;5;2)	(199;6;1)	(201;4;0)	(202;2;4)	(202;3;5)
ce109734	0	5	0	-0.3147	14953	intron	Root	LOC552019	Bilateria	(105;3;2)	(110;1;0)	(103;6;0)	(104;1;0)	(108;1;0)
ce152133	0	5	0	-0.3147	17277	promoter	PP2C	LOC551020	Bilateria	(193;17;10)	(220;3;28)	(218;6;4)	(165;1;61)	(220;3;5)
ce2601	0	5	0	-0.3135	11527	intron	DIP-alpha	LOC725840	Bilateria	(218;5;91)	(213;3;0)	(212;2;0)	(212;2;0)	(212;2;0)
ce36164	0	5	0	-0.3101	10574	intron	Best2	NA	Bilateria	(140;3;0)	(154;4;0)	(155;2;0)	(156;1;0)	(155;2;0)
ce56498	0	5	0	-0.3096	16018	intron	Gfrl	LOC551647	Bilateria	(124;4;12)	(118;2;15)	(126;3;0)	(128;1;0)	(125;4;0)
ce10181	0	5	0	-0.3091	17428	promoter	Rbp1-like	LOC727349	Bilateria	(134;1;72)	(102;0;116)	(154;4;76)	(223;3;0)	(224;2;0)
ce4921	0	5	0	-0.3077	18674	intron	NA	NA	Aculeata	(146;6;0)	(141;4;0)	(144;1;11)	(144;1;0)	(136;2;7)
ce154779	0	5	0	-0.3066	10317	intron	NA	NA	Bilateria	(102;6;1)	(105;3;0)	(107;1;0)	(106;2;0)	(107;1;1)
ce68677	0	5	0	-0.3024	18740	promoter	Q6NMV4_DROME	LOC552516	Bilateria	(102;3;1)	(103;7;0)	(108;3;1)	(111;1;0)	(110;2;0)
ce163833	0	5	0	-0.3005	12238	intron	NA	LOC408670	Bilateria	(144;1;0)	(144;1;0)	(140;5;0)	(144;1;0)	(143;2;0)
ce110707	0	5	0	-0.3003	13860	intron	ASPP	LOC102655479	Bilateria	(128;3;3)	(152;6;2)	(156;2;0)	(152;6;0)	(156;2;0)
ce71825	0	5	0	-0.2987	16373	promoter	CT28495	LOC409367	Bilateria	(198;9;0)	(207;4;9)	(214;5;12)	(218;2;0)	(217;3;0)
ce114728	0	5	0	-0.2978	14030	intron	nudC	LOC408304	Bilateria	(134;6;22)	(154;3;0)	(156;2;0)	(157;1;0)	(146;1;11)
ce110957	0	5	0	-0.2976	13858	intron	Dmel\\CG43867	LOC724417	Bilateria	(222;8;5)	(220;12;84)	(261;7;22)	(255;6;3)	(271;6;25)
ce111652	0	5	0	-0.2959	18462	intron	NA	NA	Bilateria	(235;10;10)	(238;7;0)	(239;6;2)	(241;4;0)	(241;4;0)
ce89712	0	5	0	-0.2959	13692	intron	bru3	LOC409780	Bilateria	(135;6;0)	(140;5;3)	(142;3;7)	(144;2;0)	(143;3;0)
ce111272	0	5	0	-0.2937	13747	intron	FBpp0088658	LOC412916	Bilateria	(269;9;15)	(217;11;18)	(261;4;0)	(264;1;0)	(258;6;1)
ce136452	0	5	0	-0.2932	11211	intron	dtn	LOC102654165	Bilateria	(153;4;30)	(155;6;0)	(159;2;0)	(153;2;0)	(156;5;0)
ce161919	0	5	0	-0.2932	15225	promoter	shtd	LOC726728	Bilateria	(162;1;0)	(159;3;0)	(158;2;3)	(162;1;0)	(160;2;1)
ce126692	0	5	0	-0.2925	10499	intron	NA	LOC411229	Bilateria	(150;2;0)	(192;8;20)	(205;6;3)	(205;4;0)	(204;8;3)
ce93668	0	5	0	-0.2918	17017	intron	CG11505-RD	LOC411476	Bilateria	(129;2;3)	(131;1;0)	(132;2;6)	(133;1;0)	(132;4;14)
ce67232	0	5	0	-0.2898	18188	intron	NA	LOC724148	Hymenoptera	(330;4;42)	(339;4;0)	(341;5;9)	(330;3;9)	(349;3;1)
ce113448	0	5	0	-0.2878	13897	promoter	Dmel\\CG6707	LOC408301	Bilateria	(208;4;0)	(207;5;0)	(208;4;0)	(208;4;0)	(207;5;15)
ce110029	0	5	0	-0.2874	14936	intron	eIF5B	eIF5B	Bilateria	(155;4;2)	(142;2;0)	(143;1;0)	(148;1;0)	(141;3;0)
ce13174	0	5	0	-0.2863	11093	intron	E23	LOC410967	Bilateria	(197;9;53)	(195;6;10)	(206;4;1)	(209;1;0)	(200;2;9)
ce149401	0	5	0	-0.2855	14123	intron	tsl	tsl	Neoptera	(125;11;0)	(141;6;2)	(142;4;0)	(147;1;0)	(144;2;0)
ce46849	0	5	0	-0.2853	19862	intron	NA	NA	Neoptera	(224;4;45)	(224;6;0)	(225;5;0)	(223;7;0)	(226;2;2)
ce155262	0	5	0	-0.285	15164	intron	Tusp	LOC409680	Bilateria	(297;9;7)	(314;3;0)	(311;1;9)	(296;2;17)	(319;4;4)
ce26498	0	5	0	-0.2844	11424	intron	NA	LOC408801	NA	(182;6;122)	(212;5;4)	(206;5;0)	(209;2;0)	(208;3;1)
ce138840	0	5	0	-0.284	19184	promoter	NA	LOC725753	Bilateria	(185;3;0)	(201;4;1)	(201;3;4)	(205;3;0)	(204;4;0)
ce93038	0	5	0	-0.2828	10786	intron	anon-WO0140519.214	LOC100578774	Bilateria	(228;8;3)	(224;9;143)	(224;9;2)	(233;1;0)	(231;2;0)
ce109860	0	5	0	-0.2821	14971	intron	A0A0B4LF16_DROME	LOC550989	Bilateria	(173;11;2)	(191;3;0)	(195;8;0)	(191;3;4)	(197;6;0)
ce25919	0	5	0	-0.282	10844	intron	NA	LOC408804	Bilateria	(204;12;46)	(213;4;48)	(215;5;7)	(233;4;4)	(217;3;0)
ce155577	0	5	0	-0.2818	15166	intron	NA	NA	Bilateria	(141;8;2)	(149;1;0)	(144;5;0)	(148;1;0)	(146;3;0)
ce59051	0	5	0	-0.281	12350	intron	FBpp0110217	NA	Bilateria	(113;3;2)	(115;1;0)	(115;1;4)	(115;1;0)	(115;1;0)
ce168757	0	5	0	-0.2795	16323	intron	NA	LOC100578611	Neoptera	(214;9;2)	(227;9;2)	(229;5;0)	(233;1;0)	(234;2;6)
ce160195	0	5	0	-0.2774	15146	intron	CG31385	LOC410600	Bilateria	(165;5;33)	(166;3;0)	(164;5;0)	(167;2;0)	(168;1;0)
ce130446	0	5	0	-0.277	15332	intron	NA	LOC408714	Bilateria	(238;10;15)	(243;9;0)	(251;1;0)	(255;2;0)	(250;2;0)
ce102916	0	5	0	-0.2755	10685	intron	Dmel\\CG5708	LOC413125	Bilateria	(101;9;2)	(117;3;0)	(116;4;0)	(119;1;0)	(119;1;0)
ce153232	0	5	0	-0.2754	17284	intron	dpr11	LOC411176	Bilateria	(105;3;0)	(104;4;0)	(107;1;0)	(106;4;1)	(107;1;0)
ce142329	0	5	0	-0.2731	14163	intron	5-HT1B	5-HT1	Bilateria	(135;6;26)	(145;7;0)	(148;4;3)	(154;1;0)	(151;4;0)
ce96519	0	5	0	-0.272	10691	intron	beat-IIa	LOC725264	Neoptera	(192;28;9)	(218;3;2)	(217;3;0)	(228;1;9)	(219;1;0)
ce15920	0	5	0	-0.2719	11089	intron	NA	LOC725590	Bilateria	(142;3;2)	(156;1;0)	(151;2;4)	(152;1;0)	(151;2;0)
ce52636	0	5	0	-0.2718	12510	intron	Fit2	LOC408836	Bilateria	(203;3;5)	(201;7;5)	(197;7;2)	(203;3;0)	(204;2;0)
ce93509	0	5	0	-0.2718	16202	promoter	NA	SPH54	Bilateria	(106;8;11)	(124;3;3)	(117;1;3)	(114;1;5)	(119;1;2)
ce161638	0	5	0	-0.2692	19019	intron	slmb	LOC100576156	Bilateria	(160;1;0)	(153;3;0)	(153;3;0)	(155;1;0)	(155;1;0)
ce40007	0	5	0	-0.2676	10485	intron	Pura	LOC100577035	Bilateria	(134;2;6)	(152;2;0)	(152;2;0)	(153;1;0)	(150;3;1)
ce118260	0	5	0	-0.2674	11387	intron	Fas2	LOC409849	Bilateria	(208;2;7)	(213;3;3)	(207;7;7)	(214;3;1)	(211;3;0)
ce59568	0	5	0	-0.267	16841	intron	NA	LOC413968	Bilateria	(123;1;0)	(124;1;0)	(123;1;6)	(124;1;0)	(133;1;0)
ce55802	0	5	0	-0.2663	10532	intron	Dmel\\CG17816	LOC552243	Neoptera	(117;2;6)	(129;2;14)	(127;3;0)	(142;1;1)	(129;1;0)
ce163765	0	5	0	-0.2656	10190	intron	Dmel\\CG6154	NA	NA	(263;6;79)	(259;6;0)	(260;3;0)	(260;3;0)	(258;5;2)
ce83440	0	5	0	-0.2654	14705	promoter	Maf1	LOC552145	Bilateria	(165;7;3)	(177;4;0)	(179;2;0)	(204;3;0)	(176;5;0)
ce125231	0	5	0	-0.265	17014	promoter	Dmel\\CG13865	NA	Bilateria	(149;5;1)	(151;4;0)	(150;6;0)	(155;1;0)	(163;1;0)
ce18522	0	5	0	-0.2647	12895	intron	NA	LOC413416	Bilateria	(125;2;5)	(121;4;2)	(119;7;0)	(126;3;0)	(124;2;0)
ce20602	0	5	0	-0.2645	10988	promoter	FBpp0072052	LOC411011	Bilateria	(152;10;5)	(144;1;0)	(144;1;0)	(142;2;1)	(142;3;0)
ce120311	0	5	0	-0.2643	17336	intron	NA	LOC100577127	Bilateria	(119;5;4)	(121;5;0)	(126;2;0)	(124;4;0)	(127;1;0)
ce125169	0	5	0	-0.2624	12581	intron	NA	oa2	Bilateria	(139;6;0)	(144;1;0)	(144;3;0)	(146;1;0)	(146;1;0)
ce117881	0	5	0	-0.2614	11386	intron	NA	LOC408306	Bilateria	(171;7;6)	(176;3;2)	(180;2;0)	(175;2;0)	(166;3;15)
ce14594	0	5	0	-0.2613	12790	intron	FBpp0290711	osp	Bilateria	(228;11;39)	(233;3;0)	(234;2;2)	(197;5;74)	(232;4;0)
ce5042	0	5	0	-0.2607	12195	intron	NA	LOC409985	Bilateria	(120;3;22)	(145;1;0)	(141;6;0)	(146;1;0)	(142;5;0)
ce168239	0	5	0	-0.2601	11291	intron	TfAP-2	LOC410893	Bilateria	(374;20;50)	(386;5;0)	(366;10;5)	(380;3;0)	(380;1;0)
ce95535	0	5	0	-0.2597	16996	intron	Dmel\\CG8927	LOC552217	Neoptera	(151;9;3)	(155;1;0)	(155;5;0)	(159;1;1)	(162;2;0)
ce19812	0	5	0	-0.2576	17486	intron	toc	LOC726307	Bilateria	(118;7;15)	(129;1;0)	(127;1;0)	(127;1;0)	(127;1;0)
ce20941	0	5	0	-0.2574	10849	intron	NA	LOC411009	Bilateria	(178;1;0)	(189;4;13)	(181;2;0)	(184;1;0)	(182;3;0)
ce53455	0	5	0	-0.2571	10692	intron	NA	NA	Neoptera	(214;8;63)	(238;6;12)	(228;5;3)	(231;2;0)	(231;2;0)
ce107082	0	5	0	-0.257	10295	promoter	NA	NA	Bilateria	(148;2;4)	(147;1;0)	(141;7;0)	(147;1;0)	(145;3;1)
ce53253	0	5	0	-0.2566	10335	intron	NA	NA	Bilateria	(107;8;5)	(116;4;1)	(119;1;0)	(120;1;0)	(119;1;0)
ce44190	0	5	0	-0.2565	11076	intron	A0A0B4K7U0_DROME	NA	Neoptera	(152;2;0)	(158;3;0)	(166;3;0)	(167;2;0)	(170;4;0)
ce65921	0	5	0	-0.2541	10180	intron	NA	LOC724835	Bilateria	(142;10;29)	(149;1;8)	(138;4;16)	(156;1;0)	(152;4;2)
ce28033	0	5	0	-0.254	17507	intron	TMTC2_DROME	LOC408787	Bilateria	(255;14;4)	(260;5;4)	(265;4;10)	(265;4;0)	(268;1;0)
ce19647	0	5	0	-0.2524	14365	intron	pgant2	LOC411054	Bilateria	(116;9;12)	(151;1;0)	(146;5;0)	(152;1;0)	(149;2;0)
ce95488	0	5	0	-0.2522	14772	promoter	Sep1	LOC412180	Bilateria	(134;3;4)	(135;6;0)	(128;7;0)	(138;2;0)	(129;1;8)
ce143619	0	5	0	-0.252	13560	intron	5-HT7	5-ht7;5-Ht7	Bilateria	(160;6;0)	(163;3;0)	(163;3;1)	(165;1;0)	(162;4;0)
ce155318	0	5	0	-0.2519	11188	intron	CG17793	LOC726948	Bilateria	(185;5;3)	(192;5;12)	(188;5;1)	(191;3;0)	(189;5;0)
ce167884	0	5	0	-0.2515	12126	intron	NA	NA	Bilateria	(155;3;0)	(155;3;0)	(154;4;0)	(156;2;0)	(156;2;0)
ce48163	0	5	0	-0.2513	10706	intron	dsx	A8D435_APIME;dsx	Bilateria	(133;1;0)	(129;2;0)	(121;9;0)	(129;1;0)	(129;1;1)
ce173556	0	5	0	-0.2508	16337	intron	Zw	LOC725325	Bilateria	(98;5;0)	(107;2;0)	(106;3;0)	(102;1;6)	(106;3;0)
ce6348	0	5	0	-0.2505	18668	intron	NA	LOC408465	Bilateria	(185;4;1)	(188;2;1)	(187;2;0)	(186;3;0)	(184;5;0)
ce22483	0	5	0	-0.2502	10520	intron	nub	LOC727092	Bilateria	(276;16;65)	(315;2;9)	(304;4;0)	(314;2;0)	(303;5;4)
ce9044	0	5	0	-0.2495	15804	intron	NA	LOC725033	Bilateria	(283;3;2)	(280;5;0)	(277;3;7)	(283;2;0)	(279;6;0)
ce69181	0	5	0	-0.249	16409	intron	alpha-Man-IIb	LOC412838	Bilateria	(154;6;12)	(165;5;2)	(160;4;1)	(163;1;0)	(163;1;0)
ce119957	0	5	0	-0.2489	10960	intron	Oatp26F	LOC552333	Bilateria	(113;11;0)	(113;3;9)	(117;4;0)	(119;2;0)	(113;3;5)
ce134676	0	5	0	-0.2479	15618	intron	FBpp0290568	LOC724548	Bilateria	(127;9;41)	(133;3;0)	(130;3;0)	(138;2;0)	(132;1;0)
ce6078	0	5	0	-0.2479	10478	intron	wake	NA	Bilateria	(187;8;2)	(179;2;0)	(173;7;1)	(179;3;0)	(175;5;1)
ce58829	0	5	0	-0.2466	12355	promoter	sev	LOC410671	Bilateria	(376;14;10)	(318;10;42)	(326;6;50)	(337;2;0)	(342;5;5)
ce10721	0	5	0	-0.2463	11296	intron	GYC	LOC550964	Bilateria	(132;7;27)	(163;2;0)	(144;7;6)	(154;3;0)	(156;1;0)
ce98677	0	5	0	-0.2463	14771	intron	tai	LOC410637	Bilateria	(175;3;0)	(174;4;0)	(159;3;2)	(158;1;0)	(146;3;0)
ce158571	0	5	0	-0.2439	10003	intron	Dhc36C	LOC411602	NA	(212;3;4)	(213;3;0)	(212;4;0)	(214;2;0)	(210;6;0)
ce76462	0	5	0	-0.2439	10852	intron	nrm	LOC412893	Bilateria	(163;5;1)	(167;3;0)	(168;2;0)	(169;1;0)	(168;2;0)
ce82869	0	5	0	-0.2427	14525	promoter	p120ctn	LOC408311	Bilateria	(135;3;2)	(135;1;0)	(133;3;0)	(133;3;0)	(135;1;0)
ce16975	0	5	0	-0.2423	10338	promoter	CT23145	LOC411903	Bilateria	(261;8;0)	(266;3;2)	(269;4;0)	(267;5;0)	(271;2;0)
ce274	0	5	0	-0.2414	11226	intron	CG34022-RA	LOC410506	Bilateria	(298;8;39)	(231;9;77)	(310;6;0)	(320;3;0)	(231;2;89)
ce111448	0	5	0	-0.2401	13753	intron	Q7K4T8_DROME	LOC552015	Bilateria	(162;2;0)	(161;1;1)	(157;3;0)	(159;1;0)	(159;1;0)
ce22476	0	5	0	-0.2396	10520	intron	nub	LOC727092	Bilateria	(194;7;6)	(198;1;11)	(198;5;3)	(210;2;0)	(202;1;3)
ce162256	0	5	0	-0.2384	17984	intron	NA	LOC551653	Bilateria	(109;1;0)	(109;1;0)	(107;3;0)	(108;3;0)	(107;3;0)
ce76486	0	5	0	-0.238	10852	intron	nrm	LOC412893	Bilateria	(124;5;21)	(123;6;1)	(125;1;0)	(125;1;0)	(125;1;0)
ce53859	0	5	0	-0.2379	10108	intron	NA	NA	NA	(122;1;0)	(131;2;2)	(133;7;0)	(133;2;0)	(132;3;5)
ce45880	0	5	0	-0.2378	10225	intron	NA	NA	Bilateria	(138;5;4)	(141;2;0)	(137;6;0)	(142;1;0)	(139;3;1)
ce10572	0	5	0	-0.2376	18333	intron	U605_DROME	LOC551347	Bilateria	(245;3;1)	(245;5;0)	(249;1;0)	(250;3;1)	(246;4;0)
ce37527	0	5	0	-0.237	11145	intron	NA	LOC100578600	Neoptera	(158;14;2)	(172;2;0)	(171;3;0)	(173;1;0)	(170;4;0)
ce85233	0	5	0	-0.2362	17144	intron	Rac1	Rac	Bilateria	(170;3;1)	(170;3;0)	(172;5;0)	(176;1;1)	(175;2;0)
ce13073	0	5	0	-0.2357	10629	intron	FBpp0074405	LOC410933	Bilateria	(171;6;12)	(177;1;0)	(174;2;1)	(176;1;0)	(174;3;0)
ce155581	0	5	0	-0.2352	15166	intron	NA	NA	Bilateria	(134;6;1)	(139;2;8)	(139;1;0)	(139;1;0)	(139;1;0)
ce4380	0	5	0	-0.2341	17912	promoter	anon-WO0107627.1	LOC727121;LOC727129	Protostomia	(172;7;8)	(178;1;0)	(174;5;3)	(207;1;0)	(176;4;0)
ce167874	0	5	0	-0.234	12126	intron	NA	NA	Bilateria	(171;5;0)	(173;4;0)	(171;5;0)	(175;1;0)	(170;1;5)
ce101149	0	5	0	-0.2339	14889	promoter	na	LOC413947	Bilateria	(82;1;129)	(211;2;0)	(210;3;1)	(213;1;0)	(206;7;1)
ce125240	0	5	0	-0.2335	12587	promoter	Aladin	LOC100576146	Bilateria	(143;1;1)	(138;6;25)	(146;1;0)	(151;4;0)	(145;2;0)
ce59029	0	5	0	-0.2334	16845	promoter	Chd64	Chd64	Bilateria	(173;3;0)	(174;4;0)	(157;10;10)	(171;1;5)	(175;3;0)
ce83411	0	5	0	-0.2334	14707	intron	FBpp0288783	LOC410261	Bilateria	(194;7;1)	(195;7;0)	(199;2;0)	(191;3;15)	(195;6;2)
ce119329	0	5	0	-0.2323	13835	intron	Asap	LOC413683	Bilateria	(178;7;0)	(182;5;0)	(180;7;11)	(178;1;4)	(175;4;12)
ce110216	0	5	0	-0.2319	18822	intron	38E.22	LOC409514	Bilateria	(156;7;7)	(172;1;0)	(160;4;3)	(167;1;0)	(166;1;0)
ce85071	0	5	0	-0.2319	14645	promoter	Sara	Sara	Bilateria	(97;3;0)	(97;3;0)	(99;1;0)	(98;2;0)	(98;2;0)
ce165645	0	5	0	-0.2295	12280	promoter	wupA	TpnI	Bilateria	(173;6;7)	(184;4;0)	(180;8;4)	(187;1;0)	(184;3;1)
ce25997	0	5	0	-0.2291	20433	intron	NA	NA	Bilateria	(351;10;68)	(363;8;13)	(383;5;0)	(386;3;0)	(384;5;12)
ce83391	0	5	0	-0.229	14707	intron	FBpp0288783	LOC410261	Bilateria	(270;15;4)	(280;6;0)	(283;3;0)	(285;3;0)	(284;2;0)
ce145967	0	5	0	-0.2279	11255	intron	NA	NA	Hymenoptera	(353;19;69)	(365;8;5)	(371;2;0)	(375;2;4)	(364;9;10)
ce120451	0	5	0	-0.2277	10289	intron	NA	LOC408278	Bilateria	(102;1;0)	(100;3;0)	(102;1;0)	(102;1;0)	(102;1;0)
ce69916	0	5	0	-0.2262	16362	promoter	Dmel\\CG15385	LOC409244	Bilateria	(163;13;0)	(176;6;3)	(178;3;0)	(210;2;0)	(181;1;0)
ce144320	0	5	0	-0.2255	13463	promoter	NA	LOC410070	Bilateria	(142;4;0)	(143;2;0)	(132;1;0)	(133;1;0)	(132;1;0)
ce133854	0	5	0	-0.2253	15628	intron	Iml1	LOC100576879	Bilateria	(175;8;0)	(182;3;1)	(182;3;2)	(181;1;3)	(185;3;3)
ce105784	0	5	0	-0.225	14806	intron	FBpp0111725	LOC724292	Bilateria	(175;4;6)	(171;5;0)	(170;7;0)	(175;2;0)	(170;7;0)
ce14634	0	5	0	-0.2249	12790	intron	FBpp0290711	osp	Bilateria	(152;10;202)	(239;5;10)	(248;7;16)	(250;1;0)	(255;3;0)
ce39948	0	5	0	-0.2243	10485	intron	Pura	LOC100577035	Bilateria	(172;13;5)	(183;2;0)	(181;4;0)	(184;1;0)	(182;3;0)
ce122568	0	5	0	-0.2229	16532	intron	NA	NA	Bilateria	(152;3;0)	(151;4;0)	(149;6;0)	(154;1;0)	(148;7;0)
ce90009	0	5	0	-0.2226	12239	intron	NA	LOC725964	Bilateria	(243;6;20)	(239;6;0)	(244;2;0)	(240;6;0)	(240;6;0)
ce59028	0	5	0	-0.2222	16845	intron	Chd64	Chd64	Bilateria	(206;6;0)	(211;1;1)	(210;2;0)	(125;5;90)	(209;3;1)
ce68613	0	5	0	-0.221	16635	intron	Sirt7	Sirt7	Bilateria	(141;6;0)	(143;3;0)	(140;6;1)	(144;2;1)	(143;3;1)
ce169751	0	5	0	-0.2204	19775	intron	NA	NA	Bilateria	(265;6;20)	(282;4;0)	(277;10;83)	(277;4;10)	(280;6;10)
ce161468	0	5	0	-0.2194	15232	intron	shg	LOC410585	Bilateria	(110;5;6)	(103;2;0)	(104;1;7)	(105;1;0)	(104;1;5)
ce4874	0	5	0	-0.219	15878	promoter	tamo	LOC100577050	Bilateria	(147;3;2)	(156;1;0)	(154;3;8)	(156;1;0)	(154;3;0)
ce15918	0	5	0	-0.2179	11089	intron	NA	LOC725590	Bilateria	(193;1;0)	(185;3;5)	(191;2;0)	(192;1;0)	(190;3;0)
ce11847	0	5	0	-0.2158	19541	intron	NA	NA	Bilateria	(268;6;0)	(282;8;0)	(278;3;7)	(277;1;0)	(279;4;2)
ce137056	0	5	0	-0.2148	15726	promoter	NA	LOC408409	Bilateria	(176;4;0)	(176;1;0)	(172;4;1)	(174;4;17)	(176;1;0)
ce51891	0	5	0	-0.2143	12614	promoter	NA	LOC552512	Bilateria	(185;5;4)	(181;2;0)	(177;6;0)	(180;3;0)	(128;1;54)
ce1528	0	5	0	-0.2133	10695	intron	NA	NA	Bilateria	(110;1;1)	(106;6;0)	(111;1;0)	(109;1;0)	(111;1;0)
ce13375	0	5	0	-0.2132	12824	intron	Cdk12	LOC409965	Bilateria	(193;1;2)	(193;3;0)	(185;11;0)	(190;4;2)	(191;4;0)
ce65593	0	5	0	-0.2132	18257	intron	Dmel\\CG34354	LOC551623	Bilateria	(248;15;118)	(279;3;36)	(270;5;0)	(273;2;0)	(274;1;0)
ce162085	0	5	0	-0.213	15127	intron	Sdc	LOC413557	Bilateria	(161;8;9)	(190;4;0)	(192;5;0)	(196;2;0)	(187;5;10)
ce15192	0	5	0	-0.2125	10554	intron	NA	NA	Neoptera	(313;15;95)	(350;4;0)	(335;5;13)	(355;3;0)	(337;2;14)
ce3849	0	5	0	-0.2117	10887	intron	CG11206	LOC409711	Bilateria	(271;16;33)	(286;3;0)	(281;8;0)	(286;3;0)	(287;2;0)
ce111664	0	5	0	-0.2107	18462	intron	NA	NA	Bilateria	(213;5;0)	(215;6;0)	(218;2;0)	(219;1;0)	(211;9;0)
ce32325	0	5	0	-0.2095	16764	intron	FBpp0076209	LOC726664	Bilateria	(199;3;1)	(196;2;4)	(197;6;0)	(202;1;0)	(200;3;2)
ce95495	0	5	0	-0.2095	17132	intron	NA	LOC552515	Bilateria	(177;8;0)	(184;1;0)	(181;2;0)	(177;4;2)	(161;4;24)
ce126095	0	5	0	-0.2094	13136	promoter	ben	Ubc13	Bilateria	(186;6;0)	(184;7;0)	(188;4;4)	(190;2;0)	(191;1;2)
ce163739	0	5	0	-0.2082	10190	intron	Dmel\\CG6154	NA	NA	(146;3;24)	(154;3;0)	(143;4;10)	(156;1;0)	(156;1;0)
ce109075	0	5	0	-0.2076	14933	intron	Btk29A	LOC410649	Bilateria	(202;7;2)	(119;12;121)	(200;6;3)	(207;1;0)	(191;8;7)
ce18109	0	5	0	-0.2073	10436	promoter	Dmel\\CG4709	NA	Bilateria	(198;2;0)	(189;3;1)	(197;2;0)	(198;1;0)	(198;1;0)
ce113491	0	5	0	-0.207	11139	intron	Hil	LOC410236	Bilateria	(108;5;0)	(111;2;0)	(112;1;0)	(112;1;0)	(111;1;1)
ce119787	0	5	0	-0.2059	11142	intron	5-HT2B	5-HT2beta	Bilateria	(149;5;1)	(150;5;22)	(157;1;0)	(167;1;0)	(150;1;9)
ce166560	0	5	0	-0.2059	16272	intron	NA	LOC410852	Bilateria	(138;3;0)	(142;2;0)	(140;4;0)	(141;2;1)	(140;4;0)
ce22770	0	5	0	-0.2058	10984	intron	FBpp0297894	LOC725269	Bilateria	(185;5;12)	(212;5;0)	(200;11;5)	(182;7;8)	(209;2;0)
ce163711	0	5	0	-0.2051	19139	intron	NA	NA	Aculeata	(149;1;17)	(155;1;0)	(150;6;0)	(153;3;1)	(154;2;0)
ce102863	0	5	0	-0.2046	10685	intron	Dmel\\CG5708	LOC413125	Bilateria	(108;6;47)	(112;2;0)	(117;2;5)	(114;1;0)	(111;1;7)
ce47602	0	5	0	-0.2039	13286	intron	side-IV	LOC412858	Bilateria	(111;3;0)	(113;2;0)	(114;1;0)	(112;3;0)	(113;2;0)
ce97824	0	5	0	-0.2028	11144	intron	FBpp0080463	LOC409843	Bilateria	(195;4;7)	(201;5;0)	(204;1;1)	(202;1;2)	(202;3;3)
ce52731	0	5	0	-0.2026	10178	intron	NA	NA	Bilateria	(275;12;93)	(294;4;2)	(300;3;0)	(305;2;0)	(301;2;0)
ce129310	0	5	0	-0.2004	10858	intron	pigs	LOC411586	Bilateria	(195;3;11)	(197;5;0)	(195;4;10)	(196;4;0)	(185;7;7)
ce140264	0	5	0	-0.1999	11134	intron	CG31632	LOC100577543	Bilateria	(198;8;2)	(202;4;0)	(200;6;0)	(205;1;0)	(204;2;0)
ce9091	0	5	0	-0.1992	15804	intron	NA	LOC725033	Bilateria	(179;12;20)	(196;6;0)	(197;4;0)	(199;2;0)	(198;3;0)
ce155311	0	5	0	-0.1988	11188	intron	CG17793	LOC726948	Bilateria	(113;3;4)	(118;7;8)	(115;1;0)	(115;1;0)	(116;2;0)
ce78146	0	5	0	-0.1988	14674	promoter	NA	LOC552612	Bilateria	(170;3;0)	(161;5;1)	(172;1;6)	(172;1;0)	(170;3;5)
ce44096	0	5	0	-0.1979	12474	intron	grh	LOC411079	Bilateria	(357;6;2)	(362;10;11)	(354;6;12)	(374;1;0)	(363;8;19)
ce113463	0	5	0	-0.1978	21414	promoter	NA	NA	NA	(190;17;11)	(206;3;0)	(209;1;0)	(209;1;0)	(208;2;0)
ce71967	0	5	0	-0.1974	16537	intron	NA	LOC409325	Bilateria	(366;6;0)	(383;2;1)	(376;9;2)	(385;3;0)	(378;9;1)
ce166563	0	5	0	-0.197	16272	intron	NA	LOC410852	Bilateria	(190;3;0)	(214;7;26)	(201;4;8)	(213;1;6)	(218;4;8)
ce22831	0	5	0	-0.1966	14281	promoter	Crag	LOC413331	Bilateria	(231;7;0)	(246;2;42)	(233;8;4)	(243;3;1)	(236;4;4)
ce49105	0	5	0	-0.1966	10817	promoter	btsz	LOC408337	Bilateria	(162;4;0)	(160;6;0)	(161;5;0)	(163;3;0)	(165;1;0)
ce82289	0	5	0	-0.1954	11446	intron	sdt	LOC409904	Bilateria	(419;32;24)	(233;4;6)	(231;2;5)	(231;2;0)	(227;6;2)
ce10720	0	5	0	-0.1949	11296	intron	GYC	LOC550964	Bilateria	(196;7;4)	(202;1;0)	(202;1;0)	(202;1;0)	(199;4;0)
ce11098	0	5	0	-0.1948	18507	intron	anon-WO0140519.28	NA	Bilateria	(121;3;1)	(127;13;2)	(121;1;0)	(119;3;0)	(117;2;3)
ce175684	0	5	0	-0.1947	19350	intron	NA	NA	Bilateria	(119;12;5)	(130;2;0)	(129;3;0)	(129;3;0)	(129;3;0)
ce66449	0	5	0	-0.1937	17784	promoter	BEST:LD40095	LOC409505	Bilateria	(164;5;0)	(165;3;0)	(167;1;6)	(171;4;0)	(167;1;8)
ce11885	0	5	0	-0.1908	19541	intron	NA	NA	Bilateria	(193;2;0)	(185;7;0)	(181;5;23)	(197;1;1)	(129;1;53)
ce163097	0	5	0	-0.1899	16288	intron	Prosap	LOC726461	Bilateria	(314;7;12)	(342;7;0)	(340;3;0)	(343;2;0)	(341;2;1)
ce20896	0	5	0	-0.1898	10849	intron	NA	LOC411009	Bilateria	(368;11;106)	(456;8;10)	(450;5;4)	(455;3;0)	(447;5;6)
ce24752	0	5	0	-0.1895	11335	intron	l(2)01289	LOC413936	Bilateria	(209;10;5)	(214;3;0)	(213;4;0)	(216;1;0)	(216;1;0)
ce71589	0	5	0	-0.1891	16603	intron	trol	LOC409722	Bilateria	(197;6;24)	(203;1;0)	(200;4;0)	(208;2;0)	(202;2;0)
ce119380	0	5	0	-0.1889	17362	promoter	san	LOC724486	Bilateria	(234;6;2)	(222;8;0)	(216;5;23)	(238;3;13)	(232;3;3)
ce14857	0	5	0	-0.1884	10617	intron	Rbfox1	LOC410951	Bilateria	(194;9;11)	(173;3;3)	(174;2;0)	(174;1;1)	(175;1;0)
ce2600	0	5	0	-0.1882	11527	intron	DIP-alpha	LOC725840	Bilateria	(154;3;7)	(151;3;0)	(153;1;0)	(153;1;0)	(153;1;0)
ce56484	0	5	0	-0.1882	16018	intron	Gfrl	LOC551647	Bilateria	(112;2;4)	(112;2;0)	(109;5;1)	(113;1;0)	(109;3;2)
ce20194	0	5	0	-0.1881	11425	intron	Dmel\\CG15890	LOC100578557	Bilateria	(170;6;0)	(172;3;0)	(170;4;0)	(183;2;0)	(173;1;0)
ce152591	0	5	0	-0.1876	10075	intron	NA	gro	NA	(323;5;17)	(327;4;10)	(302;13;18)	(339;2;4)	(323;5;9)
ce161797	0	5	0	-0.1874	10264	intron	NA	LOC410609	NA	(130;3;5)	(123;2;2)	(123;1;7)	(127;2;0)	(124;2;5)
ce57164	0	5	0	-0.1871	11506	intron	DIP-delta	LOC410662	Bilateria	(213;8;4)	(220;2;5)	(225;7;0)	(231;1;0)	(226;6;0)
ce122604	0	5	0	-0.1849	11570	intron	NA	LOC726538	Bilateria	(223;6;32)	(240;3;3)	(240;2;5)	(243;1;12)	(244;2;7)
ce42116	0	5	0	-0.1842	14216	intron	NA	NA	Bilateria	(134;7;6)	(144;1;2)	(142;1;1)	(143;2;0)	(140;3;0)
ce147170	0	5	0	-0.184	11820	intron	Dmel\\CG43367	LOC724172	Bilateria	(145;5;19)	(175;6;0)	(172;5;17)	(179;1;0)	(179;1;2)
ce15161	0	5	0	-0.1838	10554	intron	NA	NA	Neoptera	(131;2;0)	(137;3;0)	(137;1;0)	(137;1;0)	(137;1;1)
ce20428	0	5	0	-0.1822	14422	intron	dnr1	LOC412897	Bilateria	(241;7;38)	(230;5;0)	(228;3;0)	(230;1;0)	(228;3;0)
ce112204	0	5	0	-0.1811	11866	intron	Cda5	LOC552276	Protostomia	(112;2;0)	(125;3;2)	(127;1;0)	(127;1;0)	(129;4;0)
ce51585	0	5	0	-0.1803	12654	intron	CG8219-RA	LOC408842	Bilateria	(228;2;0)	(229;2;1)	(229;2;2)	(229;1;0)	(228;3;0)
ce59130	0	5	0	-0.1799	12350	intron	FBpp0110217	NA	Bilateria	(124;4;7)	(127;2;0)	(128;1;2)	(126;3;2)	(128;1;0)
ce163101	0	5	0	-0.1798	16288	intron	Prosap	LOC726461	Bilateria	(126;5;0)	(128;2;0)	(129;1;0)	(126;4;0)	(127;3;4)
ce158536	0	5	0	-0.179	10348	intron	NA	LOC724916	Bilateria	(334;4;36)	(322;9;1)	(231;3;105)	(332;6;6)	(335;4;1)
ce112965	0	5	0	-0.1784	14764	promoter	NA	LOC411506	Bilateria	(384;7;11)	(415;8;33)	(422;21;38)	(435;7;39)	(436;5;15)
ce123842	0	5	0	-0.1779	10396	intron	NA	NA	Bilateria	(231;3;11)	(224;1;0)	(227;2;13)	(228;1;4)	(220;5;8)
ce56020	0	5	0	-0.1772	15592	intron	Rho1	LOC409910	Bilateria	(443;8;3)	(449;10;1)	(452;8;1)	(459;6;0)	(450;12;0)
ce1527	0	5	0	-0.1769	10695	intron	NA	NA	Bilateria	(272;6;5)	(267;18;6)	(273;10;4)	(167;4;107)	(277;6;0)
ce65622	0	5	0	-0.1767	18257	intron	Dmel\\CG34354	LOC551623	Bilateria	(138;8;13)	(146;6;4)	(153;3;0)	(155;1;0)	(153;3;0)
ce108543	0	5	0	-0.1762	10468	promoter	Dfd	Dfd	Bilateria	(145;4;1)	(143;6;0)	(142;8;45)	(148;2;0)	(149;1;1)
ce103614	0	5	0	-0.1746	14481	intron	FBpp0306012	LOC412878	Bilateria	(145;2;2)	(145;1;1)	(141;3;3)	(145;2;0)	(143;3;1)
ce33751	0	5	0	-0.174	19902	intron	Dmel\\CG7265	LOC726363	Bilateria	(124;8;5)	(134;2;0)	(134;1;1)	(136;4;2)	(133;1;2)
ce168766	0	5	0	-0.1729	16323	intron	NA	LOC100578611	Neoptera	(269;15;23)	(284;5;1)	(285;3;0)	(286;3;0)	(279;6;13)
ce70962	0	5	0	-0.1725	10640	intron	heph	LOC552709	Bilateria	(188;2;2)	(189;2;9)	(187;3;0)	(189;1;0)	(189;1;0)
ce148314	0	5	0	-0.1694	10954	intron	kug	LOC411157	Bilateria	(168;3;2)	(169;2;0)	(164;7;0)	(167;5;0)	(167;4;0)
ce22908	0	5	0	-0.1693	11982	promoter	NA	LOC102655007	Bilateria	(179;3;9)	(180;2;0)	(183;2;0)	(182;3;0)	(184;1;0)
ce141487	0	5	0	-0.1687	10881	intron	mdy	LOC552377	Bilateria	(114;2;1)	(106;4;0)	(110;7;0)	(116;1;0)	(112;5;1)
ce74149	0	5	0	-0.1684	13314	intron	mbo	mbo	Bilateria	(361;4;57)	(372;2;6)	(368;5;0)	(393;7;40)	(370;7;0)
ce142952	0	5	0	-0.1679	13584	promoter	Dyrk2	LOC412917	Bilateria	(194;1;5)	(192;3;0)	(193;2;0)	(194;1;0)	(194;1;3)
ce59126	0	5	0	-0.1679	12350	intron	FBpp0110217	NA	Bilateria	(287;10;6)	(290;8;11)	(289;8;2)	(298;1;0)	(296;1;1)
ce62883	0	5	0	-0.1675	12606	intron	KaiR1D	LOC408645	Bilateria	(216;14;0)	(229;9;0)	(232;4;0)	(237;1;0)	(235;1;0)
ce86192	0	5	0	-0.1663	10622	intron	neo	LOC413256	Neoptera	(277;13;34)	(250;3;32)	(244;5;25)	(253;1;2)	(244;10;20)
ce21547	0	5	0	-0.1654	10345	intron	Pvf3	NA	Bilateria	(154;4;1)	(156;5;3)	(156;4;0)	(150;3;1)	(159;1;0)
ce23	0	5	0	-0.1644	19060	promoter	niki	LOC102654315	Bilateria	(131;7;0)	(134;2;0)	(142;3;1)	(118;3;2)	(145;3;2)
ce126672	0	5	0	-0.1642	10499	intron	NA	LOC411229	Bilateria	(223;5;2)	(243;5;2)	(242;6;0)	(248;2;0)	(245;3;0)
ce59621	0	5	0	-0.1638	15387	intron	Cirl	LOC552142	Bilateria	(362;2;0)	(386;5;20)	(377;4;23)	(373;4;11)	(387;4;10)
ce68438	0	5	0	-0.1637	16670	promoter	NA	LOC725020	Hymenoptera	(245;11;5)	(253;7;0)	(259;1;0)	(254;1;2)	(257;3;4)
ce49530	0	5	0	-0.1632	10550	intron	unc79	LOC408845	Bilateria	(200;3;12)	(199;2;156)	(243;2;10)	(277;3;2)	(234;3;28)
ce141611	0	5	0	-0.1629	15639	intron	NA	LOC552354	Bilateria	(254;2;0)	(265;6;0)	(252;7;0)	(250;1;12)	(258;1;0)
ce58764	0	5	0	-0.1619	17821	intron	Nlp	LOC102655896	Bilateria	(167;2;2)	(159;8;0)	(163;5;1)	(167;1;0)	(165;3;0)
ce113492	0	5	0	-0.1615	11139	intron	Hil	LOC410236	Bilateria	(150;4;4)	(152;2;0)	(153;1;0)	(151;3;0)	(153;1;0)
ce44593	0	5	0	-0.1614	17178	promoter	NA	LOC413934	Bilateria	(125;15;43)	(177;5;3)	(162;2;14)	(171;2;2)	(170;3;1)
ce19017	0	5	0	-0.1612	11662	intron	BcDNA:GH04236	LOC725959	Bilateria	(139;7;3)	(163;4;1)	(151;1;3)	(156;3;0)	(153;2;1)
ce5062	0	5	0	-0.1605	12195	intron	NA	LOC409985	Bilateria	(177;3;0)	(177;3;0)	(177;3;0)	(179;1;0)	(178;2;0)
ce44129	0	5	0	-0.1602	11268	intron	Unc-89	LOC408830	Bilateria	(202;2;2)	(199;5;0)	(197;4;4)	(205;1;0)	(204;1;0)
ce97045	0	5	0	-0.1601	21250	promoter	NA	NA	NA	(248;2;45)	(273;3;5)	(247;7;45)	(263;2;0)	(261;5;17)
ce87600	0	5	0	-0.1596	10789	intron	Nlg4	NLG-4	Bilateria	(265;4;4)	(269;4;0)	(259;4;0)	(260;3;0)	(255;5;3)
ce148290	0	5	0	-0.1593	10954	intron	kug	LOC411157	Bilateria	(135;7;7)	(138;4;10)	(150;3;1)	(150;2;1)	(149;4;0)
ce134887	0	5	0	-0.1574	12176	promoter	Dmel\\CG14445	LOC724773	Neoptera	(202;5;8)	(206;3;3)	(203;4;1)	(206;1;2)	(207;1;0)
ce70132	0	5	0	-0.1573	10423	promoter	NA	PHDP	Bilateria	(271;1;0)	(294;5;21)	(305;4;32)	(314;1;0)	(298;2;10)
ce9770	0	5	0	-0.1572	19463	intron	Ubc87F	Ube2g1	Bilateria	(182;3;0)	(181;4;0)	(184;1;0)	(184;3;0)	(181;4;0)
ce47081	0	5	0	-0.1567	14119	intron	Dmel\\CG16779	NA	Bilateria	(145;5;11)	(148;3;0)	(144;1;5)	(148;2;0)	(149;1;0)
ce83855	0	5	0	-0.1565	10994	intron	fng	LOC551501	Bilateria	(261;3;9)	(259;10;22)	(263;4;0)	(270;3;5)	(264;3;1)
ce61441	0	5	0	-0.1563	10531	intron	Rx	Rx	Bilateria	(144;5;0)	(145;4;0)	(148;1;0)	(148;1;0)	(144;5;0)
ce111410	0	5	0	-0.1561	19380	intron	NA	LOC102655756	Bilateria	(192;6;16)	(191;8;15)	(204;2;0)	(202;3;0)	(194;7;9)
ce101220	0	5	0	-0.156	11003	intron	stumps	LOC411124	Bilateria	(204;2;1)	(193;1;13)	(201;6;0)	(206;1;0)	(206;1;0)
ce82550	0	5	0	-0.1559	14656	intron	Atg17	LOC408358	Bilateria	(186;8;17)	(198;4;6)	(208;5;4)	(214;3;1)	(212;1;0)
ce85790	0	5	0	-0.1554	18643	intron	sens	NA	Bilateria	(191;9;25)	(158;5;0)	(157;5;1)	(159;3;0)	(159;1;7)
ce56149	0	5	0	-0.155	15449	promoter	GCS2alpha	LOC551205	Bilateria	(208;2;1)	(209;1;0)	(209;1;0)	(213;1;14)	(211;1;2)
ce1563	0	5	0	-0.1547	10695	intron	NA	NA	Bilateria	(211;1;1)	(207;5;2)	(206;6;0)	(211;1;0)	(211;1;0)
ce15673	0	5	0	-0.1547	11695	intron	NA	LOC100577576	Neoptera	(153;2;19)	(155;4;1)	(159;1;0)	(158;3;0)	(156;4;0)
ce159499	0	5	0	-0.1539	12102	intron	mspo	LOC726068	Bilateria	(276;4;5)	(280;4;0)	(281;1;0)	(279;3;2)	(278;4;0)
ce16305	0	5	0	-0.1539	11309	intron	ham	LOC725792	Bilateria	(205;7;0)	(209;3;0)	(208;4;0)	(211;1;0)	(211;1;0)
ce37012	0	5	0	-0.1537	14205	intron	CG10948	LOC409757	Bilateria	(196;3;13)	(210;4;44)	(216;2;4)	(193;2;16)	(204;8;11)
ce58750	0	5	0	-0.1537	15564	promoter	BcDNA:GH04120	LOC413672	Bilateria	(250;10;7)	(267;7;10)	(265;6;0)	(271;1;0)	(268;3;0)
ce47908	0	5	0	-0.1534	11109	promoter	side-IV	LOC412859	Bilateria	(139;16;0)	(150;2;0)	(151;1;0)	(151;1;5)	(149;3;0)
ce71431	0	5	0	-0.1532	10257	intron	NA	NA	Bilateria	(188;3;0)	(200;2;0)	(195;5;0)	(199;1;0)	(198;4;0)
ce2851	0	5	0	-0.153	11225	intron	NA	LOC726153	Bilateria	(242;7;42)	(268;3;0)	(270;1;0)	(270;1;0)	(270;1;0)
ce55966	0	5	0	-0.1524	11502	promoter	NA	LOC100576231	Holometabola	(164;6;2)	(158;3;13)	(166;3;0)	(168;2;3)	(166;3;0)
ce54481	0	5	0	-0.1522	12625	promoter	Sras	LOC409333	Bilateria	(164;6;2)	(169;2;0)	(167;4;2)	(171;2;1)	(170;3;0)
ce166814	0	5	0	-0.152	11242	promoter	Lim1	LOC100577751	Bilateria	(207;12;1)	(215;5;0)	(213;7;0)	(221;1;0)	(213;1;4)
ce11827	0	5	0	-0.1513	19541	intron	NA	NA	Bilateria	(268;4;3)	(270;6;0)	(272;3;2)	(278;1;0)	(271;4;0)
ce11871	0	5	0	-0.1507	19541	intron	NA	NA	Bilateria	(290;10;18)	(306;5;0)	(286;10;11)	(302;2;0)	(298;4;0)
ce54221	0	5	0	-0.1506	11624	intron	Klp31E	LOC411068	Bilateria	(137;5;0)	(139;3;0)	(139;3;0)	(139;3;0)	(137;5;0)
ce146915	0	5	0	-0.1502	11802	intron	Naa15-16	LOC411163	Bilateria	(257;1;0)	(258;4;0)	(258;4;0)	(258;4;0)	(260;2;0)
ce158799	0	5	0	-0.15	11185	intron	E5	ems	Bilateria	(258;5;6)	(274;1;0)	(275;5;0)	(280;1;0)	(282;2;0)
ce96530	0	5	0	-0.1495	10691	intron	beat-IIa	LOC725264	Neoptera	(215;2;2)	(226;6;5)	(228;7;4)	(253;1;5)	(236;2;3)
ce58240	0	5	0	-0.1493	11496	intron	Lrch	LOC409027	Bilateria	(320;9;0)	(253;7;18)	(277;6;1)	(282;1;1)	(278;4;5)
ce77702	0	5	0	-0.149	18229	intron	NA	NA	Bilateria	(244;10;137)	(260;6;0)	(259;4;0)	(261;2;0)	(260;3;0)
ce35884	0	5	0	-0.148	10682	intron	Dmel\\CG42747	LOC725408	Neoptera	(201;5;51)	(220;2;0)	(219;3;0)	(218;3;6)	(221;1;1)
ce50846	0	5	0	-0.1478	18286	promoter	NA	NA	Bilateria	(227;2;0)	(226;3;1)	(218;3;0)	(220;1;0)	(220;1;1)
ce150540	0	5	0	-0.1472	10245	intron	Fhos	LOC409786	Bilateria	(161;1;0)	(156;2;0)	(157;1;0)	(157;1;0)	(159;1;0)
ce27078	0	5	0	-0.1469	13204	intron	Dmel\\CG8927	LOC413113	Neoptera	(278;4;0)	(282;3;0)	(283;3;0)	(291;2;2)	(284;4;0)
ce86950	0	5	0	-0.1463	11626	intron	Nlg3	B9VMQ5_APIME;NLG-3	Bilateria	(272;10;22)	(270;9;44)	(286;4;0)	(290;1;0)	(287;3;0)
ce16275	0	5	0	-0.1462	11309	intron	ham	LOC725792	Bilateria	(259;4;0)	(261;3;1)	(261;3;0)	(264;2;0)	(263;1;0)
ce31485	0	5	0	-0.145	12354	intron	Rdl	LOC406124	Bilateria	(453;3;0)	(461;6;15)	(472;3;5)	(471;4;0)	(467;7;6)
ce83287	0	5	0	-0.1443	10999	intron	NfI	LOC410259	Bilateria	(260;4;13)	(299;7;19)	(279;8;22)	(280;5;44)	(296;3;0)
ce150393	0	5	0	-0.1434	10245	intron	Fhos	LOC409786	Bilateria	(321;10;1)	(310;8;0)	(317;5;1)	(320;3;0)	(319;4;0)
ce55328	0	5	0	-0.1406	12157	intron	NA	LOC410791	Bilateria	(245;7;1)	(233;7;4)	(243;2;4)	(243;3;0)	(242;3;0)
ce133847	0	5	0	-0.1403	15628	intron	Iml1	LOC100576879	Bilateria	(190;4;18)	(191;6;0)	(194;3;0)	(197;1;0)	(190;3;4)
ce167872	0	5	0	-0.1396	12126	intron	NA	NA	Bilateria	(289;10;8)	(290;4;0)	(296;6;0)	(302;1;0)	(301;2;1)
ce107072	0	5	0	-0.1392	10295	intron	NA	NA	Bilateria	(184;6;14)	(192;6;2)	(193;6;0)	(197;2;0)	(196;3;4)
ce44288	0	5	0	-0.1391	12622	intron	NA	Adam	Bilateria	(273;7;2)	(278;3;1)	(272;5;11)	(287;2;0)	(285;2;1)
ce79848	0	5	0	-0.1388	10741	promoter	NA	bs	Bilateria	(503;8;37)	(492;6;11)	(675;25;29)	(515;12;297)	(652;18;17)
ce168772	0	5	0	-0.1376	16323	intron	NA	LOC100578611	Neoptera	(178;3;1)	(185;2;0)	(179;6;4)	(187;1;0)	(186;3;0)
ce26857	0	5	0	-0.1374	10403	intron	NA	LOC409051	Bilateria	(201;2;7)	(179;2;10)	(189;2;0)	(189;1;0)	(188;3;2)
ce147234	0	5	0	-0.1365	11820	intron	Dmel\\CG43367	LOC724172	Bilateria	(407;16;45)	(434;15;15)	(428;3;10)	(438;3;3)	(428;4;0)
ce6065	0	5	0	-0.1363	10478	intron	wake	NA	Bilateria	(288;11;29)	(338;6;18)	(302;6;9)	(313;1;0)	(305;5;40)
ce11230	0	5	0	-0.1359	12937	promoter	fz	fz	Bilateria	(309;5;1)	(333;9;42)	(307;4;0)	(310;1;5)	(309;2;0)
ce75405	0	5	0	-0.1358	10827	intron	Smr	LOC724535	Bilateria	(233;4;3)	(236;4;0)	(239;1;0)	(237;3;0)	(239;1;0)
ce50976	0	5	0	-0.1356	18286	intron	NA	NA	Bilateria	(169;3;2)	(168;3;0)	(170;1;0)	(172;1;0)	(167;4;3)
ce77898	0	5	0	-0.1355	14494	promoter	Top1	Top1	Bilateria	(296;3;1)	(281;1;0)	(284;6;0)	(289;3;0)	(282;6;0)
ce166316	0	5	0	-0.1348	16271	intron	ens	LOC408685	Bilateria	(153;2;0)	(139;6;0)	(140;3;0)	(141;2;0)	(142;1;0)
ce51046	0	5	0	-0.1348	18286	intron	NA	NA	Bilateria	(276;3;36)	(283;2;0)	(292;10;5)	(301;1;0)	(299;1;11)
ce14474	0	5	0	-0.133	12859	intron	Smg6	LOC409795	Bilateria	(171;1;3)	(176;2;1)	(175;1;0)	(170;1;5)	(174;2;0)
ce14597	0	5	0	-0.133	12790	intron	FBpp0290711	osp	Bilateria	(186;3;11)	(196;4;12)	(203;1;0)	(205;3;0)	(197;3;16)
ce81049	0	5	0	-0.1329	10997	intron	NA	LOC100577456	Bilateria	(283;4;0)	(287;1;0)	(281;5;0)	(285;1;0)	(284;2;0)
ce89992	0	5	0	-0.1315	10461	intron	NA	NA	Bilateria	(161;2;3)	(162;2;0)	(161;3;0)	(163;1;0)	(161;3;0)
ce99262	0	5	0	-0.1307	17041	promoter	NA	NA	Hymenoptera	(296;15;34)	(310;5;0)	(314;1;1)	(314;1;0)	(312;2;1)
ce120769	0	5	0	-0.1298	13951	intron	dve	LOC100577980	Bilateria	(315;2;8)	(315;5;0)	(319;5;0)	(321;1;2)	(319;5;2)
ce140351	0	5	0	-0.1297	11024	intron	by	by	Bilateria	(347;9;35)	(367;12;0)	(375;7;9)	(382;6;6)	(375;7;0)
ce14373	0	5	0	-0.1296	12859	intron	Smg6	LOC409795	Bilateria	(270;4;96)	(292;3;42)	(310;7;0)	(316;1;0)	(315;2;2)
ce22442	0	5	0	-0.1288	10520	intron	nub	LOC727092	Bilateria	(231;3;15)	(238;2;0)	(233;5;1)	(234;4;0)	(234;3;5)
ce29046	0	5	0	-0.1288	13471	promoter	slbo	slbo	Bilateria	(220;3;0)	(229;2;1)	(227;5;1)	(231;2;0)	(228;4;1)
ce11858	0	5	0	-0.1282	19541	intron	NA	NA	Bilateria	(251;5;0)	(250;3;4)	(250;6;1)	(246;2;0)	(255;1;4)
ce127676	0	5	0	-0.1279	10709	promoter	NA	LOC100576182	Protostomia	(197;7;27)	(217;3;1)	(215;5;0)	(217;3;0)	(219;1;0)
ce5377	0	5	0	-0.1277	20073	intron	RpL34b	RpL34	Bilateria	(225;10;12)	(227;3;0)	(227;3;0)	(229;1;0)	(229;1;0)
ce46987	0	5	0	-0.1263	19862	intron	NA	NA	Neoptera	(230;11;20)	(260;4;0)	(263;1;0)	(263;1;0)	(263;1;0)
ce63775	0	5	0	-0.1263	10232	intron	fas	LOC724195	Bilateria	(171;13;2)	(142;8;29)	(176;5;5)	(185;1;0)	(182;4;0)
ce70963	0	5	0	-0.1261	10640	intron	heph	LOC552709	Bilateria	(131;1;0)	(190;3;16)	(134;2;42)	(177;1;0)	(177;3;0)
ce95825	0	5	0	-0.1254	11751	intron	AdamTS-A	LOC412091	Bilateria	(304;4;0)	(306;3;0)	(303;6;0)	(308;4;0)	(305;4;0)
ce120942	0	5	0	-0.1251	10833	intron	spz3	LOC726201	Neoptera	(210;1;2)	(209;4;0)	(206;5;0)	(208;3;0)	(210;3;0)
ce120911	0	5	0	-0.1241	13953	intron	Reps	LOC726273	Bilateria	(165;2;0)	(172;2;0)	(171;3;0)	(173;1;0)	(173;1;2)
ce119486	0	5	0	-0.123	10832	intron	CG8111-RA	LOC552246	Bilateria	(601;32;0)	(628;4;2)	(624;10;0)	(630;4;4)	(625;9;0)
ce100396	0	5	0	-0.1228	11770	intron	pico	LOC100578818	Bilateria	(209;10;86)	(210;3;2)	(213;1;2)	(214;4;0)	(211;3;0)
ce58782	0	5	0	-0.1224	10908	intron	sim	LOC410669	Bilateria	(257;8;3)	(265;1;0)	(262;4;0)	(261;5;2)	(266;1;0)
ce3839	0	5	0	-0.1202	10887	intron	CG11206	LOC409711	Bilateria	(259;8;61)	(268;5;0)	(267;7;0)	(274;1;0)	(273;1;0)
ce93338	0	5	0	-0.1202	21943	promoter	NA	NA	NA	(355;8;19)	(363;5;0)	(255;3;116)	(368;2;0)	(363;7;1)
ce9368	0	5	0	-0.1193	14055	intron	FBpp0311171	NA	Bilateria	(171;3;100)	(272;3;0)	(272;3;6)	(275;2;0)	(130;0;145)
ce45905	0	5	0	-0.119	10225	intron	NA	NA	Bilateria	(238;16;31)	(269;5;0)	(267;3;4)	(271;4;0)	(273;1;0)
ce96517	0	5	0	-0.1188	10691	intron	beat-IIa	LOC725264	Neoptera	(242;9;24)	(247;10;35)	(239;6;24)	(265;4;5)	(260;5;2)
ce16373	0	5	0	-0.1187	23579	promoter	NA	NA	NA	(212;7;0)	(215;1;0)	(215;1;0)	(207;3;0)	(214;2;0)
ce89907	0	5	0	-0.1186	10536	intron	NA	LOC412099	Bilateria	(232;3;0)	(228;4;0)	(218;5;0)	(223;1;0)	(220;3;0)
ce159610	0	5	0	-0.1184	10470	intron	FBpp0089401	NA	Bilateria	(277;4;14)	(269;2;0)	(265;6;0)	(269;2;0)	(268;3;0)
ce42165	0	5	0	-0.118	18131	intron	yellow-h	Y-h	Protostomia	(273;3;4)	(269;1;9)	(275;1;5)	(278;1;0)	(278;1;0)
ce167556	0	5	0	-0.1179	11486	intron	NA	LOC413278	Bilateria	(273;3;2)	(272;6;0)	(272;6;1)	(277;2;0)	(271;7;0)
ce147165	0	5	0	-0.1176	11820	intron	Dmel\\CG43367	LOC724172	Bilateria	(343;6;65)	(352;3;2)	(346;7;10)	(259;1;94)	(350;3;1)
ce63571	0	5	0	-0.1176	17777	promoter	Dnz1	LOC552426	Bilateria	(357;5;40)	(352;4;9)	(325;7;3)	(332;2;5)	(326;3;21)
ce166820	0	5	0	-0.1173	19083	promoter	M6	LOC410844	Bilateria	(202;6;3)	(218;5;0)	(220;3;8)	(221;3;0)	(223;1;0)
ce122117	0	5	0	-0.1171	24201	intron	NA	NA	NA	(174;9;6)	(185;3;0)	(163;5;2)	(165;2;2)	(168;1;0)
ce168717	0	5	0	-0.1154	16323	intron	NA	LOC100578611	Neoptera	(350;7;9)	(357;2;0)	(354;10;1)	(362;2;0)	(355;6;3)
ce68479	0	5	0	-0.1137	16077	intron	Eaf6	LOC725186	Bilateria	(254;9;1)	(265;3;0)	(235;7;25)	(262;4;7)	(264;3;0)
ce168249	0	5	0	-0.1134	11291	intron	TfAP-2	LOC410893	Bilateria	(227;4;6)	(235;2;0)	(229;5;3)	(239;1;1)	(232;3;1)
ce140029	0	5	0	-0.1128	15655	intron	Hr38	Hr38	Bilateria	(275;4;2)	(266;7;0)	(262;6;5)	(270;5;0)	(266;7;5)
ce149263	0	5	0	-0.112	10976	intron	Dmel\\CG4393	LOC408887	Bilateria	(233;4;0)	(233;5;0)	(239;3;8)	(244;1;8)	(245;5;4)
ce76470	0	5	0	-0.111	10852	intron	nrm	LOC412893	Bilateria	(201;7;4)	(205;3;0)	(208;1;0)	(208;1;0)	(209;1;0)
ce47920	0	5	0	-0.1099	11109	intron	side-IV	LOC412859	Bilateria	(135;2;165)	(297;3;0)	(291;6;1)	(295;3;0)	(297;1;0)
ce37626	0	5	0	-0.1096	10733	intron	CG2812	LOC410771	Bilateria	(231;4;33)	(244;3;0)	(244;3;0)	(246;1;0)	(243;4;0)
ce5730	0	5	0	-0.1092	15982	intron	NA	LOC411495	Bilateria	(316;48;14)	(284;6;97)	(248;3;1)	(253;2;108)	(244;3;3)
ce126763	0	5	0	-0.1072	17137	promoter	Q1EC07_DROME	LOC409089	Bilateria	(287;14;2)	(304;3;0)	(301;4;1)	(307;1;0)	(305;1;0)
ce61998	0	5	0	-0.1065	15459	intron	PIP5K59B	LOC724991	Bilateria	(296;3;1)	(291;4;11)	(303;8;5)	(235;3;75)	(297;4;0)
ce133649	0	5	0	-0.1063	11450	intron	Ets98B	LOC413060	Bilateria	(163;13;64)	(173;12;28)	(208;3;1)	(210;1;0)	(209;2;1)
ce57285	0	5	0	-0.1063	15506	promoter	CG9901	LOC409313	Bilateria	(247;4;0)	(250;5;2)	(252;5;0)	(254;3;66)	(248;1;1)
ce5050	0	5	0	-0.1062	12195	intron	NA	LOC409985	Bilateria	(291;3;22)	(321;3;15)	(302;7;1)	(310;2;0)	(308;1;2)
ce161226	0	5	0	-0.1054	11007	intron	Hmx	NA	Bilateria	(201;1;4)	(208;2;0)	(207;3;0)	(210;1;0)	(207;3;2)
ce44287	0	5	0	-0.1041	12622	intron	NA	Adam	Bilateria	(201;5;0)	(205;2;0)	(207;4;0)	(210;1;0)	(207;4;0)
ce150786	0	5	0	-0.1032	13514	promoter	Dmel\\CG6763	LOC411406	Bilateria	(263;6;1)	(269;5;0)	(264;6;0)	(273;3;10)	(269;1;5)
ce56486	0	5	0	-0.1021	16018	intron	Gfrl	LOC551647	Bilateria	(204;3;32)	(236;9;0)	(226;5;1)	(233;3;0)	(233;3;0)
ce109565	0	5	0	-0.1014	10522	intron	anon-WO0172774.78	LOC724468	Protostomia	(350;16;62)	(379;9;7)	(385;4;55)	(404;3;0)	(392;6;2)
ce48910	0	5	0	-0.0995	13229	intron	NA	NA	Neoptera	(319;4;1)	(324;7;21)	(320;7;2)	(325;2;0)	(326;1;0)
ce47275	0	5	0	-0.0992	10799	intron	Fs	NA	Bilateria	(197;17;24)	(226;2;3)	(223;3;13)	(205;1;20)	(224;2;0)
ce145995	0	5	0	-0.099	11255	intron	NA	NA	Hymenoptera	(243;3;50)	(259;2;2)	(249;6;2)	(255;5;2)	(253;2;2)
ce95865	0	5	0	-0.0989	11751	intron	AdamTS-A	LOC412091	Bilateria	(239;1;32)	(216;2;47)	(232;4;7)	(238;3;2)	(239;2;0)
ce168699	0	5	0	-0.0966	16323	intron	NA	LOC100578611	Neoptera	(266;12;47)	(272;5;0)	(275;2;0)	(274;3;0)	(274;3;0)
ce78127	0	5	0	-0.0953	14670	intron	mahe	NA	Bilateria	(621;5;3)	(627;3;0)	(635;5;1)	(512;2;127)	(488;2;149)
ce14831	0	5	0	-0.094	10617	promoter	Rbfox1	LOC410951	Bilateria	(244;3;5)	(248;2;36)	(251;1;23)	(239;3;5)	(255;3;0)
ce59400	0	5	0	-0.093	12349	promoter	NA	NA	Bilateria	(178;1;0)	(176;3;0)	(176;3;0)	(178;1;0)	(169;1;9)
ce9046	0	5	0	-0.0916	15804	intron	NA	LOC725033	Bilateria	(268;5;51)	(268;11;33)	(270;3;1)	(272;3;0)	(267;6;1)
ce167074	0	5	0	-0.0912	13675	intron	Hsc70Cb	Hsc70cb	Bilateria	(213;4;10)	(192;3;44)	(230;3;0)	(237;5;8)	(223;3;7)
ce167118	0	5	0	-0.0911	13677	intron	Dmel\\CG13698	LOC725625	Neoptera	(254;6;0)	(253;6;0)	(254;1;0)	(253;2;0)	(253;2;0)
ce126352	0	5	0	-0.0901	17150	intron	dpr4	NA	Bilateria	(285;3;6)	(286;1;1)	(281;1;5)	(286;1;0)	(284;3;0)
ce146047	0	5	0	-0.0897	11255	intron	NA	NA	Hymenoptera	(357;10;63)	(371;6;18)	(370;8;6)	(385;5;0)	(384;1;5)
ce106280	0	5	0	-0.088	13245	intron	RapGAP1	LOC408271	Bilateria	(176;1;0)	(181;5;12)	(182;3;0)	(184;1;0)	(184;1;1)
ce134101	0	5	0	-0.084	15733	intron	FBpp0086258	LOC410470	Bilateria	(274;11;58)	(242;13;29)	(276;1;1)	(273;5;0)	(272;5;3)
ce125639	0	5	0	-0.0838	13143	intron	Dmel\\CG15186	LOC102654281	Neoptera	(220;9;17)	(221;14;8)	(230;5;55)	(227;2;0)	(217;6;12)
ce40014	0	5	0	-0.0835	10485	intron	Pura	LOC100577035	Bilateria	(253;2;2)	(255;2;0)	(254;3;0)	(255;2;0)	(254;3;0)
ce89742	0	5	0	-0.0833	13692	intron	bru3	LOC409780	Bilateria	(273;1;34)	(279;2;1)	(278;1;0)	(278;1;0)	(277;2;0)
ce2281	0	5	0	-0.0816	10104	intron	NA	NA	Bilateria	(533;19;5)	(556;3;0)	(554;3;0)	(554;3;0)	(553;4;0)
ce39592	0	5	0	-0.0816	16743	intron	Q7K3T4_DROME	LOC413240	Bilateria	(378;27;52)	(350;6;4)	(371;7;73)	(356;1;61)	(362;5;170)
ce22324	0	5	0	-0.0813	10520	intron	nub	LOC727092	Bilateria	(276;3;13)	(264;2;1)	(261;3;0)	(265;2;0)	(263;1;0)
ce39721	0	5	0	-0.0786	18181	intron	NA	NA	Hymenoptera	(487;7;6)	(495;14;65)	(517;14;20)	(538;2;15)	(546;5;13)
ce161379	0	5	0	-0.0776	18606	intron	A0A1B2AKX3_DROME	Ccap	Apocrita	(167;1;0)	(163;5;0)	(165;3;0)	(165;3;0)	(161;7;4)
ce89920	0	5	0	-0.0776	16144	promoter	EG:25E8.3	LOC412931	Bilateria	(480;13;0)	(494;1;0)	(492;3;0)	(483;11;1)	(491;1;217)
ce173642	0	5	0	-0.0769	19333	intron	NA	LOC409091	Bilateria	(125;1;0)	(155;4;12)	(132;4;21)	(137;6;0)	(141;1;21)
ce166850	0	5	0	-0.0765	16318	intron	NA	LOC100578586	Hymenoptera	(329;7;6)	(334;6;6)	(331;5;1)	(340;3;0)	(336;1;0)
ce58832	0	5	0	-0.0763	12355	intron	sev	LOC410671	Bilateria	(203;8;7)	(214;4;0)	(207;3;3)	(214;1;0)	(209;4;0)
ce162613	0	5	0	-0.074	13656	intron	kirre	LOC410853	Bilateria	(288;2;1)	(288;2;0)	(282;5;3)	(286;5;0)	(285;5;0)
ce46844	0	5	0	-0.0728	19862	intron	NA	NA	Neoptera	(280;17;32)	(316;2;0)	(322;1;0)	(319;3;1)	(313;5;0)
ce16658	0	5	0	-0.0723	10437	intron	Cdk5alpha	LOC411494	Bilateria	(161;4;2)	(203;5;18)	(217;3;0)	(219;1;0)	(217;3;8)
ce18996	0	5	0	-0.0716	12762	intron	NA	LOC413314	Bilateria	(458;10;2)	(476;3;0)	(474;6;0)	(481;1;2)	(477;3;2)
ce33754	0	5	0	-0.0713	19902	promoter	Dmel\\CG7265	LOC726363	Bilateria	(281;26;0)	(298;2;1)	(296;7;10)	(304;5;2)	(308;3;4)
ce48250	0	5	0	-0.0691	19610	intron	pros	NA	Bilateria	(445;6;28)	(459;3;3)	(461;1;0)	(457;5;0)	(457;5;1)
ce22469	0	5	0	-0.0666	10520	intron	nub	LOC727092	Bilateria	(384;9;93)	(385;5;3)	(393;4;25)	(395;5;10)	(416;9;4)
ce83876	0	5	0	-0.066	14530	intron	Madm	Madm	Bilateria	(725;3;2)	(627;13;215)	(731;19;6)	(686;13;53)	(742;15;12)
ce45877	0	5	0	-0.0644	10225	intron	NA	NA	Bilateria	(130;5;19)	(139;3;0)	(143;5;0)	(147;1;0)	(147;1;0)
ce127601	0	5	0	-0.057	11783	intron	NA	LOC411264	Bilateria	(431;2;9)	(389;4;229)	(465;3;9)	(467;5;10)	(461;3;6)
ce35627	0	5	0	-0.0548	10603	intron	Syx7	Syx7	Bilateria	(458;6;0)	(467;5;0)	(475;1;0)	(476;3;1)	(468;8;0)
ce55567	0	5	0	-0.0516	17805	intron	NA	LOC100577522	Protostomia	(219;4;0)	(211;6;0)	(212;5;0)	(214;3;0)	(214;3;0)
ce158779	0	5	0	-0.0375	11185	intron	E5	ems	Bilateria	(385;10;27)	(385;3;0)	(371;7;14)	(391;1;0)	(391;1;0)
ce153435	0	5	0	-0.0338	13538	intron	NA	LOC100577778	Bilateria	(187;3;3)	(198;4;10)	(189;5;0)	(189;5;0)	(192;6;0)
ce12848	0	5	0	-0.0291	11092	intron	CG30357-RA	LOC725699	Bilateria	(306;10;27)	(316;6;0)	(317;5;0)	(321;1;0)	(321;1;0)
